Sample Names	MutationType	SBS1	SBS2	SBS3	SBS4	SBS5	SBS6	SBS7a	SBS7b	SBS7c	SBS7d	SBS8	SBS9	SBS10a	SBS10b	SBS10c	SBS10d	SBS11	SBS12	SBS13	SBS14	SBS15	SBS16	SBS17a	SBS17b	SBS18	SBS19	SBS20	SBS21	SBS22a	SBS22b	SBS23	SBS24	SBS25	SBS26	SBS27	SBS28	SBS29	SBS30	SBS31	SBS32	SBS33	SBS34	SBS35	SBS36	SBS37	SBS38	SBS39	SBS40a	SBS40b	SBS40c	SBS41	SBS42	SBS43	SBS44	SBS45	SBS46	SBS47	SBS48	SBS49	SBS50	SBS51	SBS52	SBS53	SBS54	SBS55	SBS56	SBS57	SBS58	SBS59	SBS60	SBS84	SBS85	SBS86	SBS87	SBS88	SBS89	SBS90	SBS91	SBS92	SBS93	SBS94	SBS95	SBS96	SBS97	SBS98	SBS99
NormalCohort	A[C>A]A	0.05588338898353234	0.0	0.0	0.0	0.8385385985701846	0.0	0.0	0.0	0.0	0.0	0.0	0.0	0.044388093548845174	0.006335871384266419	0.0	0.0	0.0	0.0	0.0	0.0	0.054854047513171564	0.0	0.0	0.0	0.0	0.0	0.0	0.0	0.0	0.0	0.0	0.0	0.0	0.0	0.0	0.0	0.0	0.0	0.0	0.0	0.0	0.0	0.0	0.0	0.0	0.0	0.0	0.0	0.0	0.0	0.0	0.0	0.0	0.0	0.0	0.0	0.0	0.0	0.0	0.0	0.0	0.0	0.0	0.0	0.0	0.0	0.0	0.0	0.0	0.0	0.0	0.0	0.0	0.0	0.0	0.0	0.0	0.0	0.0	0.0	0.0	0.0	0.0	0.0	0.0	0.0
NormalCohort	A[C>A]C	0.1312254065131286	0.0	0.0	0.0	0.6019323517012231	0.0	0.0	0.0	0.0	0.0	0.0	0.0	0.03273628747827355	0.20775316155760973	0.0	0.0	0.0	0.0	0.0	0.0	0.02635279274976514	0.0	0.0	0.0	0.0	0.0	0.0	0.0	0.0	0.0	0.0	0.0	0.0	0.0	0.0	0.0	0.0	0.0	0.0	0.0	0.0	0.0	0.0	0.0	0.0	0.0	0.0	0.0	0.0	0.0	0.0	0.0	0.0	0.0	0.0	0.0	0.0	0.0	0.0	0.0	0.0	0.0	0.0	0.0	0.0	0.0	0.0	0.0	0.0	0.0	0.0	0.0	0.0	0.0	0.0	0.0	0.0	0.0	0.0	0.0	0.0	0.0	0.0	0.0	0.0	0.0
NormalCohort	A[C>A]G	0.07542264478397326	0.0	0.0	0.0	0.8733612369364363	0.0	0.0	0.0	0.0	0.0	0.0	0.0	0.020539744629202994	0.012582770549252525	0.0	0.0	0.0	0.0	0.0	0.0	0.018093603101134812	0.0	0.0	0.0	0.0	0.0	0.0	0.0	0.0	0.0	0.0	0.0	0.0	0.0	0.0	0.0	0.0	0.0	0.0	0.0	0.0	0.0	0.0	0.0	0.0	0.0	0.0	0.0	0.0	0.0	0.0	0.0	0.0	0.0	0.0	0.0	0.0	0.0	0.0	0.0	0.0	0.0	0.0	0.0	0.0	0.0	0.0	0.0	0.0	0.0	0.0	0.0	0.0	0.0	0.0	0.0	0.0	0.0	0.0	0.0	0.0	0.0	0.0	0.0	0.0	0.0
NormalCohort	A[C>A]T	0.08478178292818452	0.0	0.0	0.0	0.4850502936057473	0.0	0.0	0.0	0.0	0.0	0.0	0.0	0.36183854977817154	0.0005958997838556802	0.0	0.0	0.0	0.0	0.0	0.0	0.06773347390404087	0.0	0.0	0.0	0.0	0.0	0.0	0.0	0.0	0.0	0.0	0.0	0.0	0.0	0.0	0.0	0.0	0.0	0.0	0.0	0.0	0.0	0.0	0.0	0.0	0.0	0.0	0.0	0.0	0.0	0.0	0.0	0.0	0.0	0.0	0.0	0.0	0.0	0.0	0.0	0.0	0.0	0.0	0.0	0.0	0.0	0.0	0.0	0.0	0.0	0.0	0.0	0.0	0.0	0.0	0.0	0.0	0.0	0.0	0.0	0.0	0.0	0.0	0.0	0.0	0.0
NormalCohort	A[C>G]A	0.13961835143883916	0.0	0.0	0.0	0.8399310553822592	0.0	0.0	0.0	0.0	0.0	0.0	0.0	5.378658645300291e-15	0.012636206662311975	0.0	0.0	0.0	0.0	0.0	0.0	0.007814386516584178	0.0	0.0	0.0	0.0	0.0	0.0	0.0	0.0	0.0	0.0	0.0	0.0	0.0	0.0	0.0	0.0	0.0	0.0	0.0	0.0	0.0	0.0	0.0	0.0	0.0	0.0	0.0	0.0	0.0	0.0	0.0	0.0	0.0	0.0	0.0	0.0	0.0	0.0	0.0	0.0	0.0	0.0	0.0	0.0	0.0	0.0	0.0	0.0	0.0	0.0	0.0	0.0	0.0	0.0	0.0	0.0	0.0	0.0	0.0	0.0	0.0	0.0	0.0	0.0	0.0
NormalCohort	A[C>G]C	0.155127426061146	0.0	0.0	0.0	0.802964084188982	0.0	0.0	0.0	0.0	0.0	0.0	0.0	0.0009928288591335534	0.009404157454768499	0.0	0.0	0.0	0.0	0.0	0.0	0.03151150343596995	0.0	0.0	0.0	0.0	0.0	0.0	0.0	0.0	0.0	0.0	0.0	0.0	0.0	0.0	0.0	0.0	0.0	0.0	0.0	0.0	0.0	0.0	0.0	0.0	0.0	0.0	0.0	0.0	0.0	0.0	0.0	0.0	0.0	0.0	0.0	0.0	0.0	0.0	0.0	0.0	0.0	0.0	0.0	0.0	0.0	0.0	0.0	0.0	0.0	0.0	0.0	0.0	0.0	0.0	0.0	0.0	0.0	0.0	0.0	0.0	0.0	0.0	0.0	0.0	0.0
NormalCohort	A[C>G]G	0.056129396522758994	0.0	0.0	0.0	0.9300690782244244	0.0	0.0	0.0	0.0	0.0	0.0	0.0	3.4973450034317354e-14	5.980535111499724e-14	0.0	0.0	0.0	0.0	0.0	0.0	0.013801525252721892	0.0	0.0	0.0	0.0	0.0	0.0	0.0	0.0	0.0	0.0	0.0	0.0	0.0	0.0	0.0	0.0	0.0	0.0	0.0	0.0	0.0	0.0	0.0	0.0	0.0	0.0	0.0	0.0	0.0	0.0	0.0	0.0	0.0	0.0	0.0	0.0	0.0	0.0	0.0	0.0	0.0	0.0	0.0	0.0	0.0	0.0	0.0	0.0	0.0	0.0	0.0	0.0	0.0	0.0	0.0	0.0	0.0	0.0	0.0	0.0	0.0	0.0	0.0	0.0	0.0
NormalCohort	A[C>G]T	0.0902684030941617	0.0	0.0	0.0	0.886023180214815	0.0	0.0	0.0	0.0	0.0	0.0	0.0	5.673818354090983e-15	9.702351312100121e-15	0.0	0.0	0.0	0.0	0.0	0.0	0.023708416691007896	0.0	0.0	0.0	0.0	0.0	0.0	0.0	0.0	0.0	0.0	0.0	0.0	0.0	0.0	0.0	0.0	0.0	0.0	0.0	0.0	0.0	0.0	0.0	0.0	0.0	0.0	0.0	0.0	0.0	0.0	0.0	0.0	0.0	0.0	0.0	0.0	0.0	0.0	0.0	0.0	0.0	0.0	0.0	0.0	0.0	0.0	0.0	0.0	0.0	0.0	0.0	0.0	0.0	0.0	0.0	0.0	0.0	0.0	0.0	0.0	0.0	0.0	0.0	0.0	0.0
NormalCohort	A[C>T]A	0.37646910412489026	0.0	0.0	0.0	0.5438755722047728	0.0	0.0	0.0	0.0	0.0	0.0	0.0	0.005032641066769035	0.004562976865509989	0.0	0.0	0.0	0.0	0.0	0.0	0.0700597057380578	0.0	0.0	0.0	0.0	0.0	0.0	0.0	0.0	0.0	0.0	0.0	0.0	0.0	0.0	0.0	0.0	0.0	0.0	0.0	0.0	0.0	0.0	0.0	0.0	0.0	0.0	0.0	0.0	0.0	0.0	0.0	0.0	0.0	0.0	0.0	0.0	0.0	0.0	0.0	0.0	0.0	0.0	0.0	0.0	0.0	0.0	0.0	0.0	0.0	0.0	0.0	0.0	0.0	0.0	0.0	0.0	0.0	0.0	0.0	0.0	0.0	0.0	0.0	0.0	0.0
NormalCohort	A[C>T]C	0.1771167069217296	0.0	0.0	0.0	0.5557610318107671	0.0	0.0	0.0	0.0	0.0	0.0	0.0	0.007510723750499805	0.08120609235434255	0.0	0.0	0.0	0.0	0.0	0.0	0.17840544516266102	0.0	0.0	0.0	0.0	0.0	0.0	0.0	0.0	0.0	0.0	0.0	0.0	0.0	0.0	0.0	0.0	0.0	0.0	0.0	0.0	0.0	0.0	0.0	0.0	0.0	0.0	0.0	0.0	0.0	0.0	0.0	0.0	0.0	0.0	0.0	0.0	0.0	0.0	0.0	0.0	0.0	0.0	0.0	0.0	0.0	0.0	0.0	0.0	0.0	0.0	0.0	0.0	0.0	0.0	0.0	0.0	0.0	0.0	0.0	0.0	0.0	0.0	0.0	0.0	0.0
NormalCohort	A[C>T]G	0.824859091063432	0.0	0.0	0.0	0.015472767300224427	0.0	0.0	0.0	0.0	0.0	0.0	0.0	0.0040449702192293146	0.000516385307699708	0.0	0.0	0.0	0.0	0.0	0.0	0.15510678610941447	0.0	0.0	0.0	0.0	0.0	0.0	0.0	0.0	0.0	0.0	0.0	0.0	0.0	0.0	0.0	0.0	0.0	0.0	0.0	0.0	0.0	0.0	0.0	0.0	0.0	0.0	0.0	0.0	0.0	0.0	0.0	0.0	0.0	0.0	0.0	0.0	0.0	0.0	0.0	0.0	0.0	0.0	0.0	0.0	0.0	0.0	0.0	0.0	0.0	0.0	0.0	0.0	0.0	0.0	0.0	0.0	0.0	0.0	0.0	0.0	0.0	0.0	0.0	0.0	0.0
NormalCohort	A[C>T]T	0.23405314208850686	0.0	0.0	0.0	0.5954760045706419	0.0	0.0	0.0	0.0	0.0	0.0	0.0	0.023474335345778728	0.10693231882779076	0.0	0.0	0.0	0.0	0.0	0.0	0.04006419916728172	0.0	0.0	0.0	0.0	0.0	0.0	0.0	0.0	0.0	0.0	0.0	0.0	0.0	0.0	0.0	0.0	0.0	0.0	0.0	0.0	0.0	0.0	0.0	0.0	0.0	0.0	0.0	0.0	0.0	0.0	0.0	0.0	0.0	0.0	0.0	0.0	0.0	0.0	0.0	0.0	0.0	0.0	0.0	0.0	0.0	0.0	0.0	0.0	0.0	0.0	0.0	0.0	0.0	0.0	0.0	0.0	0.0	0.0	0.0	0.0	0.0	0.0	0.0	0.0	0.0
NormalCohort	A[T>A]A	0.06736071876047754	0.0	0.0	0.0	0.6884394613921744	0.0	0.0	0.0	0.0	0.0	0.0	0.0	0.0013717160119764297	0.08458145034652673	0.0	0.0	0.0	0.0	0.0	0.0	0.15824665348884487	0.0	0.0	0.0	0.0	0.0	0.0	0.0	0.0	0.0	0.0	0.0	0.0	0.0	0.0	0.0	0.0	0.0	0.0	0.0	0.0	0.0	0.0	0.0	0.0	0.0	0.0	0.0	0.0	0.0	0.0	0.0	0.0	0.0	0.0	0.0	0.0	0.0	0.0	0.0	0.0	0.0	0.0	0.0	0.0	0.0	0.0	0.0	0.0	0.0	0.0	0.0	0.0	0.0	0.0	0.0	0.0	0.0	0.0	0.0	0.0	0.0	0.0	0.0	0.0	0.0
NormalCohort	A[T>A]C	0.2040118310546526	0.0	0.0	0.0	0.7023868303195728	0.0	0.0	0.0	0.0	0.0	0.0	0.0	0.005703287805636747	0.017016368967586265	0.0	0.0	0.0	0.0	0.0	0.0	0.07088168185255171	0.0	0.0	0.0	0.0	0.0	0.0	0.0	0.0	0.0	0.0	0.0	0.0	0.0	0.0	0.0	0.0	0.0	0.0	0.0	0.0	0.0	0.0	0.0	0.0	0.0	0.0	0.0	0.0	0.0	0.0	0.0	0.0	0.0	0.0	0.0	0.0	0.0	0.0	0.0	0.0	0.0	0.0	0.0	0.0	0.0	0.0	0.0	0.0	0.0	0.0	0.0	0.0	0.0	0.0	0.0	0.0	0.0	0.0	0.0	0.0	0.0	0.0	0.0	0.0	0.0
NormalCohort	A[T>A]G	0.09698603183544435	0.0	0.0	0.0	0.8595912373815559	0.0	0.0	0.0	0.0	0.0	0.0	0.0	6.0960547506792795e-15	0.001098786487378474	0.0	0.0	0.0	0.0	0.0	0.0	0.04232394429561514	0.0	0.0	0.0	0.0	0.0	0.0	0.0	0.0	0.0	0.0	0.0	0.0	0.0	0.0	0.0	0.0	0.0	0.0	0.0	0.0	0.0	0.0	0.0	0.0	0.0	0.0	0.0	0.0	0.0	0.0	0.0	0.0	0.0	0.0	0.0	0.0	0.0	0.0	0.0	0.0	0.0	0.0	0.0	0.0	0.0	0.0	0.0	0.0	0.0	0.0	0.0	0.0	0.0	0.0	0.0	0.0	0.0	0.0	0.0	0.0	0.0	0.0	0.0	0.0	0.0
NormalCohort	A[T>A]T	0.009358692405627882	0.0	0.0	0.0	0.35127689623226827	0.0	0.0	0.0	0.0	0.0	0.0	0.0	0.10944922556144725	0.08044461418084956	0.0	0.0	0.0	0.0	0.0	0.0	0.449470571619807	0.0	0.0	0.0	0.0	0.0	0.0	0.0	0.0	0.0	0.0	0.0	0.0	0.0	0.0	0.0	0.0	0.0	0.0	0.0	0.0	0.0	0.0	0.0	0.0	0.0	0.0	0.0	0.0	0.0	0.0	0.0	0.0	0.0	0.0	0.0	0.0	0.0	0.0	0.0	0.0	0.0	0.0	0.0	0.0	0.0	0.0	0.0	0.0	0.0	0.0	0.0	0.0	0.0	0.0	0.0	0.0	0.0	0.0	0.0	0.0	0.0	0.0	0.0	0.0	0.0
NormalCohort	A[T>C]A	0.017793650122130637	0.0	0.0	0.0	0.8355518423422145	0.0	0.0	0.0	0.0	0.0	0.0	0.0	0.003908124077924009	0.08424366336176149	0.0	0.0	0.0	0.0	0.0	0.0	0.0585027200959693	0.0	0.0	0.0	0.0	0.0	0.0	0.0	0.0	0.0	0.0	0.0	0.0	0.0	0.0	0.0	0.0	0.0	0.0	0.0	0.0	0.0	0.0	0.0	0.0	0.0	0.0	0.0	0.0	0.0	0.0	0.0	0.0	0.0	0.0	0.0	0.0	0.0	0.0	0.0	0.0	0.0	0.0	0.0	0.0	0.0	0.0	0.0	0.0	0.0	0.0	0.0	0.0	0.0	0.0	0.0	0.0	0.0	0.0	0.0	0.0	0.0	0.0	0.0	0.0	0.0
NormalCohort	A[T>C]C	0.14383011294870177	0.0	0.0	0.0	0.7023827274271236	0.0	0.0	0.0	0.0	0.0	0.0	0.0	0.0550374276895074	0.013317831587732955	0.0	0.0	0.0	0.0	0.0	0.0	0.08543190034693422	0.0	0.0	0.0	0.0	0.0	0.0	0.0	0.0	0.0	0.0	0.0	0.0	0.0	0.0	0.0	0.0	0.0	0.0	0.0	0.0	0.0	0.0	0.0	0.0	0.0	0.0	0.0	0.0	0.0	0.0	0.0	0.0	0.0	0.0	0.0	0.0	0.0	0.0	0.0	0.0	0.0	0.0	0.0	0.0	0.0	0.0	0.0	0.0	0.0	0.0	0.0	0.0	0.0	0.0	0.0	0.0	0.0	0.0	0.0	0.0	0.0	0.0	0.0	0.0	0.0
NormalCohort	A[T>C]G	0.0024295878068815997	0.0	0.0	0.0	0.9700229973717661	0.0	0.0	0.0	0.0	0.0	0.0	0.0	0.015762059399751945	0.006717501190519115	0.0	0.0	0.0	0.0	0.0	0.0	0.005067854231081239	0.0	0.0	0.0	0.0	0.0	0.0	0.0	0.0	0.0	0.0	0.0	0.0	0.0	0.0	0.0	0.0	0.0	0.0	0.0	0.0	0.0	0.0	0.0	0.0	0.0	0.0	0.0	0.0	0.0	0.0	0.0	0.0	0.0	0.0	0.0	0.0	0.0	0.0	0.0	0.0	0.0	0.0	0.0	0.0	0.0	0.0	0.0	0.0	0.0	0.0	0.0	0.0	0.0	0.0	0.0	0.0	0.0	0.0	0.0	0.0	0.0	0.0	0.0	0.0	0.0
NormalCohort	A[T>C]T	0.11436503121265987	0.0	0.0	0.0	0.8454204305580297	0.0	0.0	0.0	0.0	0.0	0.0	0.0	0.021512644879231387	0.0016495281135460538	0.0	0.0	0.0	0.0	0.0	0.0	0.01705236523653294	0.0	0.0	0.0	0.0	0.0	0.0	0.0	0.0	0.0	0.0	0.0	0.0	0.0	0.0	0.0	0.0	0.0	0.0	0.0	0.0	0.0	0.0	0.0	0.0	0.0	0.0	0.0	0.0	0.0	0.0	0.0	0.0	0.0	0.0	0.0	0.0	0.0	0.0	0.0	0.0	0.0	0.0	0.0	0.0	0.0	0.0	0.0	0.0	0.0	0.0	0.0	0.0	0.0	0.0	0.0	0.0	0.0	0.0	0.0	0.0	0.0	0.0	0.0	0.0	0.0
NormalCohort	A[T>G]A	0.03118374780348702	0.0	0.0	0.0	0.775315826761922	0.0	0.0	0.0	0.0	0.0	0.0	0.0	0.11185956593336178	0.003472331105032679	0.0	0.0	0.0	0.0	0.0	0.0	0.07816852839619647	0.0	0.0	0.0	0.0	0.0	0.0	0.0	0.0	0.0	0.0	0.0	0.0	0.0	0.0	0.0	0.0	0.0	0.0	0.0	0.0	0.0	0.0	0.0	0.0	0.0	0.0	0.0	0.0	0.0	0.0	0.0	0.0	0.0	0.0	0.0	0.0	0.0	0.0	0.0	0.0	0.0	0.0	0.0	0.0	0.0	0.0	0.0	0.0	0.0	0.0	0.0	0.0	0.0	0.0	0.0	0.0	0.0	0.0	0.0	0.0	0.0	0.0	0.0	0.0	0.0
NormalCohort	A[T>G]C	0.05310826284426917	0.0	0.0	0.0	0.7390217617431353	0.0	0.0	0.0	0.0	0.0	0.0	0.0	0.10223180772120138	0.0075476438567227445	0.0	0.0	0.0	0.0	0.0	0.0	0.09809052383467155	0.0	0.0	0.0	0.0	0.0	0.0	0.0	0.0	0.0	0.0	0.0	0.0	0.0	0.0	0.0	0.0	0.0	0.0	0.0	0.0	0.0	0.0	0.0	0.0	0.0	0.0	0.0	0.0	0.0	0.0	0.0	0.0	0.0	0.0	0.0	0.0	0.0	0.0	0.0	0.0	0.0	0.0	0.0	0.0	0.0	0.0	0.0	0.0	0.0	0.0	0.0	0.0	0.0	0.0	0.0	0.0	0.0	0.0	0.0	0.0	0.0	0.0	0.0	0.0	0.0
NormalCohort	A[T>G]G	0.027839877852379125	0.0	0.0	0.0	0.9137870645059971	0.0	0.0	0.0	0.0	0.0	0.0	0.0	0.010682066179196996	0.029986148731518815	0.0	0.0	0.0	0.0	0.0	0.0	0.01770484273090797	0.0	0.0	0.0	0.0	0.0	0.0	0.0	0.0	0.0	0.0	0.0	0.0	0.0	0.0	0.0	0.0	0.0	0.0	0.0	0.0	0.0	0.0	0.0	0.0	0.0	0.0	0.0	0.0	0.0	0.0	0.0	0.0	0.0	0.0	0.0	0.0	0.0	0.0	0.0	0.0	0.0	0.0	0.0	0.0	0.0	0.0	0.0	0.0	0.0	0.0	0.0	0.0	0.0	0.0	0.0	0.0	0.0	0.0	0.0	0.0	0.0	0.0	0.0	0.0	0.0
NormalCohort	A[T>G]T	0.009515656459330809	0.0	0.0	0.0	0.4546320681213665	0.0	0.0	0.0	0.0	0.0	0.0	0.0	0.2517239179918715	1.0410371334431063e-14	0.0	0.0	0.0	0.0	0.0	0.0	0.28412835742742104	0.0	0.0	0.0	0.0	0.0	0.0	0.0	0.0	0.0	0.0	0.0	0.0	0.0	0.0	0.0	0.0	0.0	0.0	0.0	0.0	0.0	0.0	0.0	0.0	0.0	0.0	0.0	0.0	0.0	0.0	0.0	0.0	0.0	0.0	0.0	0.0	0.0	0.0	0.0	0.0	0.0	0.0	0.0	0.0	0.0	0.0	0.0	0.0	0.0	0.0	0.0	0.0	0.0	0.0	0.0	0.0	0.0	0.0	0.0	0.0	0.0	0.0	0.0	0.0	0.0
NormalCohort	C[C>A]A	0.0064513199041167585	0.0	0.0	0.0	0.17020644278241406	0.0	0.0	0.0	0.0	0.0	0.0	0.0	0.021129775737124892	0.0059459243712296815	0.0	0.0	0.0	0.0	0.0	0.0	0.7962665372051148	0.0	0.0	0.0	0.0	0.0	0.0	0.0	0.0	0.0	0.0	0.0	0.0	0.0	0.0	0.0	0.0	0.0	0.0	0.0	0.0	0.0	0.0	0.0	0.0	0.0	0.0	0.0	0.0	0.0	0.0	0.0	0.0	0.0	0.0	0.0	0.0	0.0	0.0	0.0	0.0	0.0	0.0	0.0	0.0	0.0	0.0	0.0	0.0	0.0	0.0	0.0	0.0	0.0	0.0	0.0	0.0	0.0	0.0	0.0	0.0	0.0	0.0	0.0	0.0	0.0
NormalCohort	C[C>A]C	0.11881953750317965	0.0	0.0	0.0	0.45153955410456725	0.0	0.0	0.0	0.0	0.0	0.0	0.0	0.0043088368552970996	0.11650611326035137	0.0	0.0	0.0	0.0	0.0	0.0	0.30882595827660464	0.0	0.0	0.0	0.0	0.0	0.0	0.0	0.0	0.0	0.0	0.0	0.0	0.0	0.0	0.0	0.0	0.0	0.0	0.0	0.0	0.0	0.0	0.0	0.0	0.0	0.0	0.0	0.0	0.0	0.0	0.0	0.0	0.0	0.0	0.0	0.0	0.0	0.0	0.0	0.0	0.0	0.0	0.0	0.0	0.0	0.0	0.0	0.0	0.0	0.0	0.0	0.0	0.0	0.0	0.0	0.0	0.0	0.0	0.0	0.0	0.0	0.0	0.0	0.0	0.0
NormalCohort	C[C>A]G	0.023016303791068785	0.0	0.0	0.0	0.9468158439404268	0.0	0.0	0.0	0.0	0.0	0.0	0.0	0.0036825974918121085	0.011424409133963816	0.0	0.0	0.0	0.0	0.0	0.0	0.015060845642728514	0.0	0.0	0.0	0.0	0.0	0.0	0.0	0.0	0.0	0.0	0.0	0.0	0.0	0.0	0.0	0.0	0.0	0.0	0.0	0.0	0.0	0.0	0.0	0.0	0.0	0.0	0.0	0.0	0.0	0.0	0.0	0.0	0.0	0.0	0.0	0.0	0.0	0.0	0.0	0.0	0.0	0.0	0.0	0.0	0.0	0.0	0.0	0.0	0.0	0.0	0.0	0.0	0.0	0.0	0.0	0.0	0.0	0.0	0.0	0.0	0.0	0.0	0.0	0.0	0.0
NormalCohort	C[C>A]T	5.091870047999102e-15	0.0	0.0	0.0	0.1642051955054978	0.0	0.0	0.0	0.0	0.0	0.0	0.0	0.12696057865131577	0.10499809267110671	0.0	0.0	0.0	0.0	0.0	0.0	0.6038361331720747	0.0	0.0	0.0	0.0	0.0	0.0	0.0	0.0	0.0	0.0	0.0	0.0	0.0	0.0	0.0	0.0	0.0	0.0	0.0	0.0	0.0	0.0	0.0	0.0	0.0	0.0	0.0	0.0	0.0	0.0	0.0	0.0	0.0	0.0	0.0	0.0	0.0	0.0	0.0	0.0	0.0	0.0	0.0	0.0	0.0	0.0	0.0	0.0	0.0	0.0	0.0	0.0	0.0	0.0	0.0	0.0	0.0	0.0	0.0	0.0	0.0	0.0	0.0	0.0	0.0
NormalCohort	C[C>G]A	0.0030722079928992645	0.0	0.0	0.0	0.9831336496569951	0.0	0.0	0.0	0.0	0.0	0.0	0.0	0.0018722609354746061	0.002104140912668589	0.0	0.0	0.0	0.0	0.0	0.0	0.009817740501962517	0.0	0.0	0.0	0.0	0.0	0.0	0.0	0.0	0.0	0.0	0.0	0.0	0.0	0.0	0.0	0.0	0.0	0.0	0.0	0.0	0.0	0.0	0.0	0.0	0.0	0.0	0.0	0.0	0.0	0.0	0.0	0.0	0.0	0.0	0.0	0.0	0.0	0.0	0.0	0.0	0.0	0.0	0.0	0.0	0.0	0.0	0.0	0.0	0.0	0.0	0.0	0.0	0.0	0.0	0.0	0.0	0.0	0.0	0.0	0.0	0.0	0.0	0.0	0.0	0.0
NormalCohort	C[C>G]C	0.007571937096531789	0.0	0.0	0.0	0.9908839949905571	0.0	0.0	0.0	0.0	0.0	0.0	0.0	7.0658960516717515e-15	1.2082834089792425e-14	0.0	0.0	0.0	0.0	0.0	0.0	0.0015440679128919338	0.0	0.0	0.0	0.0	0.0	0.0	0.0	0.0	0.0	0.0	0.0	0.0	0.0	0.0	0.0	0.0	0.0	0.0	0.0	0.0	0.0	0.0	0.0	0.0	0.0	0.0	0.0	0.0	0.0	0.0	0.0	0.0	0.0	0.0	0.0	0.0	0.0	0.0	0.0	0.0	0.0	0.0	0.0	0.0	0.0	0.0	0.0	0.0	0.0	0.0	0.0	0.0	0.0	0.0	0.0	0.0	0.0	0.0	0.0	0.0	0.0	0.0	0.0	0.0	0.0
NormalCohort	C[C>G]G	0.11127545400726452	0.0	0.0	0.0	0.8720659292596731	0.0	0.0	0.0	0.0	0.0	0.0	0.0	0.002041704491592613	3.873497302871253e-14	0.0	0.0	0.0	0.0	0.0	0.0	0.014616912241431074	0.0	0.0	0.0	0.0	0.0	0.0	0.0	0.0	0.0	0.0	0.0	0.0	0.0	0.0	0.0	0.0	0.0	0.0	0.0	0.0	0.0	0.0	0.0	0.0	0.0	0.0	0.0	0.0	0.0	0.0	0.0	0.0	0.0	0.0	0.0	0.0	0.0	0.0	0.0	0.0	0.0	0.0	0.0	0.0	0.0	0.0	0.0	0.0	0.0	0.0	0.0	0.0	0.0	0.0	0.0	0.0	0.0	0.0	0.0	0.0	0.0	0.0	0.0	0.0	0.0
NormalCohort	C[C>G]T	2.094390865559094e-14	0.0	0.0	0.0	0.9917804012130497	0.0	0.0	0.0	0.0	0.0	0.0	0.0	0.0009085230941505751	1.1510015456692188e-14	0.0	0.0	0.0	0.0	0.0	0.0	0.007311075692767209	0.0	0.0	0.0	0.0	0.0	0.0	0.0	0.0	0.0	0.0	0.0	0.0	0.0	0.0	0.0	0.0	0.0	0.0	0.0	0.0	0.0	0.0	0.0	0.0	0.0	0.0	0.0	0.0	0.0	0.0	0.0	0.0	0.0	0.0	0.0	0.0	0.0	0.0	0.0	0.0	0.0	0.0	0.0	0.0	0.0	0.0	0.0	0.0	0.0	0.0	0.0	0.0	0.0	0.0	0.0	0.0	0.0	0.0	0.0	0.0	0.0	0.0	0.0	0.0	0.0
NormalCohort	C[C>T]A	0.059634255705848765	0.0	0.0	0.0	0.6408556663045188	0.0	0.0	0.0	0.0	0.0	0.0	0.0	0.00035257632725137916	0.0024850205383591265	0.0	0.0	0.0	0.0	0.0	0.0	0.29667248112402195	0.0	0.0	0.0	0.0	0.0	0.0	0.0	0.0	0.0	0.0	0.0	0.0	0.0	0.0	0.0	0.0	0.0	0.0	0.0	0.0	0.0	0.0	0.0	0.0	0.0	0.0	0.0	0.0	0.0	0.0	0.0	0.0	0.0	0.0	0.0	0.0	0.0	0.0	0.0	0.0	0.0	0.0	0.0	0.0	0.0	0.0	0.0	0.0	0.0	0.0	0.0	0.0	0.0	0.0	0.0	0.0	0.0	0.0	0.0	0.0	0.0	0.0	0.0	0.0	0.0
NormalCohort	C[C>T]C	0.0085463569374441	0.0	0.0	0.0	0.6662902142954387	0.0	0.0	0.0	0.0	0.0	0.0	0.0	2.2680965011644586e-15	0.0014745264553203288	0.0	0.0	0.0	0.0	0.0	0.0	0.32368890231179465	0.0	0.0	0.0	0.0	0.0	0.0	0.0	0.0	0.0	0.0	0.0	0.0	0.0	0.0	0.0	0.0	0.0	0.0	0.0	0.0	0.0	0.0	0.0	0.0	0.0	0.0	0.0	0.0	0.0	0.0	0.0	0.0	0.0	0.0	0.0	0.0	0.0	0.0	0.0	0.0	0.0	0.0	0.0	0.0	0.0	0.0	0.0	0.0	0.0	0.0	0.0	0.0	0.0	0.0	0.0	0.0	0.0	0.0	0.0	0.0	0.0	0.0	0.0	0.0	0.0
NormalCohort	C[C>T]G	0.8157232019618362	0.0	0.0	0.0	0.08068957634683262	0.0	0.0	0.0	0.0	0.0	0.0	0.0	2.982160951803665e-16	0.008499146071281502	0.0	0.0	0.0	0.0	0.0	0.0	0.09508807562004941	0.0	0.0	0.0	0.0	0.0	0.0	0.0	0.0	0.0	0.0	0.0	0.0	0.0	0.0	0.0	0.0	0.0	0.0	0.0	0.0	0.0	0.0	0.0	0.0	0.0	0.0	0.0	0.0	0.0	0.0	0.0	0.0	0.0	0.0	0.0	0.0	0.0	0.0	0.0	0.0	0.0	0.0	0.0	0.0	0.0	0.0	0.0	0.0	0.0	0.0	0.0	0.0	0.0	0.0	0.0	0.0	0.0	0.0	0.0	0.0	0.0	0.0	0.0	0.0	0.0
NormalCohort	C[C>T]T	0.0048369600383142775	0.0	0.0	0.0	0.6315687459848928	0.0	0.0	0.0	0.0	0.0	0.0	0.0	0.0008168201467848026	0.008104385094794742	0.0	0.0	0.0	0.0	0.0	0.0	0.3546730887352134	0.0	0.0	0.0	0.0	0.0	0.0	0.0	0.0	0.0	0.0	0.0	0.0	0.0	0.0	0.0	0.0	0.0	0.0	0.0	0.0	0.0	0.0	0.0	0.0	0.0	0.0	0.0	0.0	0.0	0.0	0.0	0.0	0.0	0.0	0.0	0.0	0.0	0.0	0.0	0.0	0.0	0.0	0.0	0.0	0.0	0.0	0.0	0.0	0.0	0.0	0.0	0.0	0.0	0.0	0.0	0.0	0.0	0.0	0.0	0.0	0.0	0.0	0.0	0.0	0.0
NormalCohort	C[T>A]A	0.009941299505763054	0.0	0.0	0.0	0.9068755930578187	0.0	0.0	0.0	0.0	0.0	0.0	0.0	1.656899509259508e-14	0.009048800182227807	0.0	0.0	0.0	0.0	0.0	0.0	0.07413430725417365	0.0	0.0	0.0	0.0	0.0	0.0	0.0	0.0	0.0	0.0	0.0	0.0	0.0	0.0	0.0	0.0	0.0	0.0	0.0	0.0	0.0	0.0	0.0	0.0	0.0	0.0	0.0	0.0	0.0	0.0	0.0	0.0	0.0	0.0	0.0	0.0	0.0	0.0	0.0	0.0	0.0	0.0	0.0	0.0	0.0	0.0	0.0	0.0	0.0	0.0	0.0	0.0	0.0	0.0	0.0	0.0	0.0	0.0	0.0	0.0	0.0	0.0	0.0	0.0	0.0
NormalCohort	C[T>A]C	0.06115600719315287	0.0	0.0	0.0	0.894759527194129	0.0	0.0	0.0	0.0	0.0	0.0	0.0	1.115040626151414e-14	0.009104184552714391	0.0	0.0	0.0	0.0	0.0	0.0	0.03498028105999268	0.0	0.0	0.0	0.0	0.0	0.0	0.0	0.0	0.0	0.0	0.0	0.0	0.0	0.0	0.0	0.0	0.0	0.0	0.0	0.0	0.0	0.0	0.0	0.0	0.0	0.0	0.0	0.0	0.0	0.0	0.0	0.0	0.0	0.0	0.0	0.0	0.0	0.0	0.0	0.0	0.0	0.0	0.0	0.0	0.0	0.0	0.0	0.0	0.0	0.0	0.0	0.0	0.0	0.0	0.0	0.0	0.0	0.0	0.0	0.0	0.0	0.0	0.0	0.0	0.0
NormalCohort	C[T>A]G	0.054453643741728674	0.0	0.0	0.0	0.9328525726618416	0.0	0.0	0.0	0.0	0.0	0.0	0.0	1.2042787005142723e-14	2.0593424570323342e-14	0.0	0.0	0.0	0.0	0.0	0.0	0.012693783596397163	0.0	0.0	0.0	0.0	0.0	0.0	0.0	0.0	0.0	0.0	0.0	0.0	0.0	0.0	0.0	0.0	0.0	0.0	0.0	0.0	0.0	0.0	0.0	0.0	0.0	0.0	0.0	0.0	0.0	0.0	0.0	0.0	0.0	0.0	0.0	0.0	0.0	0.0	0.0	0.0	0.0	0.0	0.0	0.0	0.0	0.0	0.0	0.0	0.0	0.0	0.0	0.0	0.0	0.0	0.0	0.0	0.0	0.0	0.0	0.0	0.0	0.0	0.0	0.0	0.0
NormalCohort	C[T>A]T	0.04165865017697119	0.0	0.0	0.0	0.7632964116258716	0.0	0.0	0.0	0.0	0.0	0.0	0.0	0.019359447525474884	0.020693567394937343	0.0	0.0	0.0	0.0	0.0	0.0	0.154991923276745	0.0	0.0	0.0	0.0	0.0	0.0	0.0	0.0	0.0	0.0	0.0	0.0	0.0	0.0	0.0	0.0	0.0	0.0	0.0	0.0	0.0	0.0	0.0	0.0	0.0	0.0	0.0	0.0	0.0	0.0	0.0	0.0	0.0	0.0	0.0	0.0	0.0	0.0	0.0	0.0	0.0	0.0	0.0	0.0	0.0	0.0	0.0	0.0	0.0	0.0	0.0	0.0	0.0	0.0	0.0	0.0	0.0	0.0	0.0	0.0	0.0	0.0	0.0	0.0	0.0
NormalCohort	C[T>C]A	1.376850162220921e-14	0.0	0.0	0.0	0.909920060611281	0.0	0.0	0.0	0.0	0.0	0.0	0.0	0.002420974908364473	0.044990403309950806	0.0	0.0	0.0	0.0	0.0	0.0	0.04266856117038999	0.0	0.0	0.0	0.0	0.0	0.0	0.0	0.0	0.0	0.0	0.0	0.0	0.0	0.0	0.0	0.0	0.0	0.0	0.0	0.0	0.0	0.0	0.0	0.0	0.0	0.0	0.0	0.0	0.0	0.0	0.0	0.0	0.0	0.0	0.0	0.0	0.0	0.0	0.0	0.0	0.0	0.0	0.0	0.0	0.0	0.0	0.0	0.0	0.0	0.0	0.0	0.0	0.0	0.0	0.0	0.0	0.0	0.0	0.0	0.0	0.0	0.0	0.0	0.0	0.0
NormalCohort	C[T>C]C	0.1554304877133319	0.0	0.0	0.0	0.716344887483688	0.0	0.0	0.0	0.0	0.0	0.0	0.0	0.0008230626552571515	0.004255041673979859	0.0	0.0	0.0	0.0	0.0	0.0	0.12314652047374312	0.0	0.0	0.0	0.0	0.0	0.0	0.0	0.0	0.0	0.0	0.0	0.0	0.0	0.0	0.0	0.0	0.0	0.0	0.0	0.0	0.0	0.0	0.0	0.0	0.0	0.0	0.0	0.0	0.0	0.0	0.0	0.0	0.0	0.0	0.0	0.0	0.0	0.0	0.0	0.0	0.0	0.0	0.0	0.0	0.0	0.0	0.0	0.0	0.0	0.0	0.0	0.0	0.0	0.0	0.0	0.0	0.0	0.0	0.0	0.0	0.0	0.0	0.0	0.0	0.0
NormalCohort	C[T>C]G	0.01437938521283977	0.0	0.0	0.0	0.9204362651062612	0.0	0.0	0.0	0.0	0.0	0.0	0.0	0.013477223613642755	0.0005577649221549632	0.0	0.0	0.0	0.0	0.0	0.0	0.051149361145101255	0.0	0.0	0.0	0.0	0.0	0.0	0.0	0.0	0.0	0.0	0.0	0.0	0.0	0.0	0.0	0.0	0.0	0.0	0.0	0.0	0.0	0.0	0.0	0.0	0.0	0.0	0.0	0.0	0.0	0.0	0.0	0.0	0.0	0.0	0.0	0.0	0.0	0.0	0.0	0.0	0.0	0.0	0.0	0.0	0.0	0.0	0.0	0.0	0.0	0.0	0.0	0.0	0.0	0.0	0.0	0.0	0.0	0.0	0.0	0.0	0.0	0.0	0.0	0.0	0.0
NormalCohort	C[T>C]T	0.0022883365566798404	0.0	0.0	0.0	0.8868830325291592	0.0	0.0	0.0	0.0	0.0	0.0	0.0	4.212275125992216e-05	0.024167521126160968	0.0	0.0	0.0	0.0	0.0	0.0	0.08661898703673995	0.0	0.0	0.0	0.0	0.0	0.0	0.0	0.0	0.0	0.0	0.0	0.0	0.0	0.0	0.0	0.0	0.0	0.0	0.0	0.0	0.0	0.0	0.0	0.0	0.0	0.0	0.0	0.0	0.0	0.0	0.0	0.0	0.0	0.0	0.0	0.0	0.0	0.0	0.0	0.0	0.0	0.0	0.0	0.0	0.0	0.0	0.0	0.0	0.0	0.0	0.0	0.0	0.0	0.0	0.0	0.0	0.0	0.0	0.0	0.0	0.0	0.0	0.0	0.0	0.0
NormalCohort	C[T>G]A	0.010855065933788965	0.0	0.0	0.0	0.8775535469327254	0.0	0.0	0.0	0.0	0.0	0.0	0.0	0.01523302083163016	0.03831724629843407	0.0	0.0	0.0	0.0	0.0	0.0	0.05804112000342136	0.0	0.0	0.0	0.0	0.0	0.0	0.0	0.0	0.0	0.0	0.0	0.0	0.0	0.0	0.0	0.0	0.0	0.0	0.0	0.0	0.0	0.0	0.0	0.0	0.0	0.0	0.0	0.0	0.0	0.0	0.0	0.0	0.0	0.0	0.0	0.0	0.0	0.0	0.0	0.0	0.0	0.0	0.0	0.0	0.0	0.0	0.0	0.0	0.0	0.0	0.0	0.0	0.0	0.0	0.0	0.0	0.0	0.0	0.0	0.0	0.0	0.0	0.0	0.0	0.0
NormalCohort	C[T>G]C	0.034761622507057374	0.0	0.0	0.0	0.8374463893016827	0.0	0.0	0.0	0.0	0.0	0.0	0.0	1.1749186742900927e-14	0.10407542622845738	0.0	0.0	0.0	0.0	0.0	0.0	0.023716561962790688	0.0	0.0	0.0	0.0	0.0	0.0	0.0	0.0	0.0	0.0	0.0	0.0	0.0	0.0	0.0	0.0	0.0	0.0	0.0	0.0	0.0	0.0	0.0	0.0	0.0	0.0	0.0	0.0	0.0	0.0	0.0	0.0	0.0	0.0	0.0	0.0	0.0	0.0	0.0	0.0	0.0	0.0	0.0	0.0	0.0	0.0	0.0	0.0	0.0	0.0	0.0	0.0	0.0	0.0	0.0	0.0	0.0	0.0	0.0	0.0	0.0	0.0	0.0	0.0	0.0
NormalCohort	C[T>G]G	0.01717788796553072	0.0	0.0	0.0	0.9114062232641122	0.0	0.0	0.0	0.0	0.0	0.0	0.0	0.0023070242081986744	0.035479786112100474	0.0	0.0	0.0	0.0	0.0	0.0	0.0336290784500579	0.0	0.0	0.0	0.0	0.0	0.0	0.0	0.0	0.0	0.0	0.0	0.0	0.0	0.0	0.0	0.0	0.0	0.0	0.0	0.0	0.0	0.0	0.0	0.0	0.0	0.0	0.0	0.0	0.0	0.0	0.0	0.0	0.0	0.0	0.0	0.0	0.0	0.0	0.0	0.0	0.0	0.0	0.0	0.0	0.0	0.0	0.0	0.0	0.0	0.0	0.0	0.0	0.0	0.0	0.0	0.0	0.0	0.0	0.0	0.0	0.0	0.0	0.0	0.0	0.0
NormalCohort	C[T>G]T	0.012340439962257645	0.0	0.0	0.0	0.5836479400478848	0.0	0.0	0.0	0.0	0.0	0.0	0.0	0.030147551363796255	0.20831667500998885	0.0	0.0	0.0	0.0	0.0	0.0	0.1655473936160724	0.0	0.0	0.0	0.0	0.0	0.0	0.0	0.0	0.0	0.0	0.0	0.0	0.0	0.0	0.0	0.0	0.0	0.0	0.0	0.0	0.0	0.0	0.0	0.0	0.0	0.0	0.0	0.0	0.0	0.0	0.0	0.0	0.0	0.0	0.0	0.0	0.0	0.0	0.0	0.0	0.0	0.0	0.0	0.0	0.0	0.0	0.0	0.0	0.0	0.0	0.0	0.0	0.0	0.0	0.0	0.0	0.0	0.0	0.0	0.0	0.0	0.0	0.0	0.0	0.0
NormalCohort	G[C>A]A	0.10011162739825925	0.0	0.0	0.0	0.716012160828923	0.0	0.0	0.0	0.0	0.0	0.0	0.0	0.024636907264998738	0.025564186292879817	0.0	0.0	0.0	0.0	0.0	0.0	0.13367511821493902	0.0	0.0	0.0	0.0	0.0	0.0	0.0	0.0	0.0	0.0	0.0	0.0	0.0	0.0	0.0	0.0	0.0	0.0	0.0	0.0	0.0	0.0	0.0	0.0	0.0	0.0	0.0	0.0	0.0	0.0	0.0	0.0	0.0	0.0	0.0	0.0	0.0	0.0	0.0	0.0	0.0	0.0	0.0	0.0	0.0	0.0	0.0	0.0	0.0	0.0	0.0	0.0	0.0	0.0	0.0	0.0	0.0	0.0	0.0	0.0	0.0	0.0	0.0	0.0	0.0
NormalCohort	G[C>A]C	0.026782757370959864	0.0	0.0	0.0	0.6695914717641365	0.0	0.0	0.0	0.0	0.0	0.0	0.0	0.011196116380405659	0.11119438030707468	0.0	0.0	0.0	0.0	0.0	0.0	0.18123527417742322	0.0	0.0	0.0	0.0	0.0	0.0	0.0	0.0	0.0	0.0	0.0	0.0	0.0	0.0	0.0	0.0	0.0	0.0	0.0	0.0	0.0	0.0	0.0	0.0	0.0	0.0	0.0	0.0	0.0	0.0	0.0	0.0	0.0	0.0	0.0	0.0	0.0	0.0	0.0	0.0	0.0	0.0	0.0	0.0	0.0	0.0	0.0	0.0	0.0	0.0	0.0	0.0	0.0	0.0	0.0	0.0	0.0	0.0	0.0	0.0	0.0	0.0	0.0	0.0	0.0
NormalCohort	G[C>A]G	0.16296351457853847	0.0	0.0	0.0	0.7197156554471879	0.0	0.0	0.0	0.0	0.0	0.0	0.0	0.0009366584293103064	0.013055244153200357	0.0	0.0	0.0	0.0	0.0	0.0	0.10332892739176308	0.0	0.0	0.0	0.0	0.0	0.0	0.0	0.0	0.0	0.0	0.0	0.0	0.0	0.0	0.0	0.0	0.0	0.0	0.0	0.0	0.0	0.0	0.0	0.0	0.0	0.0	0.0	0.0	0.0	0.0	0.0	0.0	0.0	0.0	0.0	0.0	0.0	0.0	0.0	0.0	0.0	0.0	0.0	0.0	0.0	0.0	0.0	0.0	0.0	0.0	0.0	0.0	0.0	0.0	0.0	0.0	0.0	0.0	0.0	0.0	0.0	0.0	0.0	0.0	0.0
NormalCohort	G[C>A]T	7.574608280646885e-15	0.0	0.0	0.0	0.2566902890904225	0.0	0.0	0.0	0.0	0.0	0.0	0.0	0.1211793620510866	0.05250218256428242	0.0	0.0	0.0	0.0	0.0	0.0	0.5696281662942009	0.0	0.0	0.0	0.0	0.0	0.0	0.0	0.0	0.0	0.0	0.0	0.0	0.0	0.0	0.0	0.0	0.0	0.0	0.0	0.0	0.0	0.0	0.0	0.0	0.0	0.0	0.0	0.0	0.0	0.0	0.0	0.0	0.0	0.0	0.0	0.0	0.0	0.0	0.0	0.0	0.0	0.0	0.0	0.0	0.0	0.0	0.0	0.0	0.0	0.0	0.0	0.0	0.0	0.0	0.0	0.0	0.0	0.0	0.0	0.0	0.0	0.0	0.0	0.0	0.0
NormalCohort	G[C>G]A	0.0015655582872834445	0.0	0.0	0.0	0.8465765541169002	0.0	0.0	0.0	0.0	0.0	0.0	0.0	0.000786970579947174	0.0015500622568120708	0.0	0.0	0.0	0.0	0.0	0.0	0.14952085475905702	0.0	0.0	0.0	0.0	0.0	0.0	0.0	0.0	0.0	0.0	0.0	0.0	0.0	0.0	0.0	0.0	0.0	0.0	0.0	0.0	0.0	0.0	0.0	0.0	0.0	0.0	0.0	0.0	0.0	0.0	0.0	0.0	0.0	0.0	0.0	0.0	0.0	0.0	0.0	0.0	0.0	0.0	0.0	0.0	0.0	0.0	0.0	0.0	0.0	0.0	0.0	0.0	0.0	0.0	0.0	0.0	0.0	0.0	0.0	0.0	0.0	0.0	0.0	0.0	0.0
NormalCohort	G[C>G]C	0.02541086775097853	0.0	0.0	0.0	0.8720317954296487	0.0	0.0	0.0	0.0	0.0	0.0	0.0	0.004137294979367034	0.011630581815800397	0.0	0.0	0.0	0.0	0.0	0.0	0.0867894600242054	0.0	0.0	0.0	0.0	0.0	0.0	0.0	0.0	0.0	0.0	0.0	0.0	0.0	0.0	0.0	0.0	0.0	0.0	0.0	0.0	0.0	0.0	0.0	0.0	0.0	0.0	0.0	0.0	0.0	0.0	0.0	0.0	0.0	0.0	0.0	0.0	0.0	0.0	0.0	0.0	0.0	0.0	0.0	0.0	0.0	0.0	0.0	0.0	0.0	0.0	0.0	0.0	0.0	0.0	0.0	0.0	0.0	0.0	0.0	0.0	0.0	0.0	0.0	0.0	0.0
NormalCohort	G[C>G]G	0.08981682027611747	0.0	0.0	0.0	0.905149717693521	0.0	0.0	0.0	0.0	0.0	0.0	0.0	3.876994550415463e-14	6.629743995259615e-14	0.0	0.0	0.0	0.0	0.0	0.0	0.005033462030256497	0.0	0.0	0.0	0.0	0.0	0.0	0.0	0.0	0.0	0.0	0.0	0.0	0.0	0.0	0.0	0.0	0.0	0.0	0.0	0.0	0.0	0.0	0.0	0.0	0.0	0.0	0.0	0.0	0.0	0.0	0.0	0.0	0.0	0.0	0.0	0.0	0.0	0.0	0.0	0.0	0.0	0.0	0.0	0.0	0.0	0.0	0.0	0.0	0.0	0.0	0.0	0.0	0.0	0.0	0.0	0.0	0.0	0.0	0.0	0.0	0.0	0.0	0.0	0.0	0.0
NormalCohort	G[C>G]T	2.8101222359341496e-14	0.0	0.0	0.0	0.9383381431760738	0.0	0.0	0.0	0.0	0.0	0.0	0.0	0.0014336403445061108	0.007860698979099365	0.0	0.0	0.0	0.0	0.0	0.0	0.05236751750029249	0.0	0.0	0.0	0.0	0.0	0.0	0.0	0.0	0.0	0.0	0.0	0.0	0.0	0.0	0.0	0.0	0.0	0.0	0.0	0.0	0.0	0.0	0.0	0.0	0.0	0.0	0.0	0.0	0.0	0.0	0.0	0.0	0.0	0.0	0.0	0.0	0.0	0.0	0.0	0.0	0.0	0.0	0.0	0.0	0.0	0.0	0.0	0.0	0.0	0.0	0.0	0.0	0.0	0.0	0.0	0.0	0.0	0.0	0.0	0.0	0.0	0.0	0.0	0.0	0.0
NormalCohort	G[C>T]A	0.047211702270004985	0.0	0.0	0.0	0.22853936829600674	0.0	0.0	0.0	0.0	0.0	0.0	0.0	0.00014418450000707912	0.002130395442944129	0.0	0.0	0.0	0.0	0.0	0.0	0.7219743494910369	0.0	0.0	0.0	0.0	0.0	0.0	0.0	0.0	0.0	0.0	0.0	0.0	0.0	0.0	0.0	0.0	0.0	0.0	0.0	0.0	0.0	0.0	0.0	0.0	0.0	0.0	0.0	0.0	0.0	0.0	0.0	0.0	0.0	0.0	0.0	0.0	0.0	0.0	0.0	0.0	0.0	0.0	0.0	0.0	0.0	0.0	0.0	0.0	0.0	0.0	0.0	0.0	0.0	0.0	0.0	0.0	0.0	0.0	0.0	0.0	0.0	0.0	0.0	0.0	0.0
NormalCohort	G[C>T]C	0.0005977625061577345	0.0	0.0	0.0	0.15417154167020497	0.0	0.0	0.0	0.0	0.0	0.0	0.0	0.025878618059513855	0.053693490048226135	0.0	0.0	0.0	0.0	0.0	0.0	0.7656585877158973	0.0	0.0	0.0	0.0	0.0	0.0	0.0	0.0	0.0	0.0	0.0	0.0	0.0	0.0	0.0	0.0	0.0	0.0	0.0	0.0	0.0	0.0	0.0	0.0	0.0	0.0	0.0	0.0	0.0	0.0	0.0	0.0	0.0	0.0	0.0	0.0	0.0	0.0	0.0	0.0	0.0	0.0	0.0	0.0	0.0	0.0	0.0	0.0	0.0	0.0	0.0	0.0	0.0	0.0	0.0	0.0	0.0	0.0	0.0	0.0	0.0	0.0	0.0	0.0	0.0
NormalCohort	G[C>T]G	0.43725795587046107	0.0	0.0	0.0	0.027332474711937896	0.0	0.0	0.0	0.0	0.0	0.0	0.0	0.00960374715804099	0.013948857366757883	0.0	0.0	0.0	0.0	0.0	0.0	0.5118569648928022	0.0	0.0	0.0	0.0	0.0	0.0	0.0	0.0	0.0	0.0	0.0	0.0	0.0	0.0	0.0	0.0	0.0	0.0	0.0	0.0	0.0	0.0	0.0	0.0	0.0	0.0	0.0	0.0	0.0	0.0	0.0	0.0	0.0	0.0	0.0	0.0	0.0	0.0	0.0	0.0	0.0	0.0	0.0	0.0	0.0	0.0	0.0	0.0	0.0	0.0	0.0	0.0	0.0	0.0	0.0	0.0	0.0	0.0	0.0	0.0	0.0	0.0	0.0	0.0	0.0
NormalCohort	G[C>T]T	0.0003376353457043663	0.0	0.0	0.0	0.18121719226988928	0.0	0.0	0.0	0.0	0.0	0.0	0.0	0.038150549500124004	0.1548357843065309	0.0	0.0	0.0	0.0	0.0	0.0	0.6254588385777513	0.0	0.0	0.0	0.0	0.0	0.0	0.0	0.0	0.0	0.0	0.0	0.0	0.0	0.0	0.0	0.0	0.0	0.0	0.0	0.0	0.0	0.0	0.0	0.0	0.0	0.0	0.0	0.0	0.0	0.0	0.0	0.0	0.0	0.0	0.0	0.0	0.0	0.0	0.0	0.0	0.0	0.0	0.0	0.0	0.0	0.0	0.0	0.0	0.0	0.0	0.0	0.0	0.0	0.0	0.0	0.0	0.0	0.0	0.0	0.0	0.0	0.0	0.0	0.0	0.0
NormalCohort	G[T>A]A	0.01757668039936846	0.0	0.0	0.0	0.8802714977937834	0.0	0.0	0.0	0.0	0.0	0.0	0.0	0.000230263670987514	2.6527960456010938e-14	0.0	0.0	0.0	0.0	0.0	0.0	0.10192155813583403	0.0	0.0	0.0	0.0	0.0	0.0	0.0	0.0	0.0	0.0	0.0	0.0	0.0	0.0	0.0	0.0	0.0	0.0	0.0	0.0	0.0	0.0	0.0	0.0	0.0	0.0	0.0	0.0	0.0	0.0	0.0	0.0	0.0	0.0	0.0	0.0	0.0	0.0	0.0	0.0	0.0	0.0	0.0	0.0	0.0	0.0	0.0	0.0	0.0	0.0	0.0	0.0	0.0	0.0	0.0	0.0	0.0	0.0	0.0	0.0	0.0	0.0	0.0	0.0	0.0
NormalCohort	G[T>A]C	0.03254745274574146	0.0	0.0	0.0	0.8134158066587084	0.0	0.0	0.0	0.0	0.0	0.0	0.0	1.807887225752136e-14	0.017128446654389916	0.0	0.0	0.0	0.0	0.0	0.0	0.1369082939411421	0.0	0.0	0.0	0.0	0.0	0.0	0.0	0.0	0.0	0.0	0.0	0.0	0.0	0.0	0.0	0.0	0.0	0.0	0.0	0.0	0.0	0.0	0.0	0.0	0.0	0.0	0.0	0.0	0.0	0.0	0.0	0.0	0.0	0.0	0.0	0.0	0.0	0.0	0.0	0.0	0.0	0.0	0.0	0.0	0.0	0.0	0.0	0.0	0.0	0.0	0.0	0.0	0.0	0.0	0.0	0.0	0.0	0.0	0.0	0.0	0.0	0.0	0.0	0.0	0.0
NormalCohort	G[T>A]G	0.04924812579904473	0.0	0.0	0.0	0.9115668005845889	0.0	0.0	0.0	0.0	0.0	0.0	0.0	0.004695873535975131	2.453013642020281e-14	0.0	0.0	0.0	0.0	0.0	0.0	0.03448920008036668	0.0	0.0	0.0	0.0	0.0	0.0	0.0	0.0	0.0	0.0	0.0	0.0	0.0	0.0	0.0	0.0	0.0	0.0	0.0	0.0	0.0	0.0	0.0	0.0	0.0	0.0	0.0	0.0	0.0	0.0	0.0	0.0	0.0	0.0	0.0	0.0	0.0	0.0	0.0	0.0	0.0	0.0	0.0	0.0	0.0	0.0	0.0	0.0	0.0	0.0	0.0	0.0	0.0	0.0	0.0	0.0	0.0	0.0	0.0	0.0	0.0	0.0	0.0	0.0	0.0
NormalCohort	G[T>A]T	0.053797748562447525	0.0	0.0	0.0	0.7438623713659953	0.0	0.0	0.0	0.0	0.0	0.0	0.0	0.028544787442744343	0.012429473783839524	0.0	0.0	0.0	0.0	0.0	0.0	0.16136561884497322	0.0	0.0	0.0	0.0	0.0	0.0	0.0	0.0	0.0	0.0	0.0	0.0	0.0	0.0	0.0	0.0	0.0	0.0	0.0	0.0	0.0	0.0	0.0	0.0	0.0	0.0	0.0	0.0	0.0	0.0	0.0	0.0	0.0	0.0	0.0	0.0	0.0	0.0	0.0	0.0	0.0	0.0	0.0	0.0	0.0	0.0	0.0	0.0	0.0	0.0	0.0	0.0	0.0	0.0	0.0	0.0	0.0	0.0	0.0	0.0	0.0	0.0	0.0	0.0	0.0
NormalCohort	G[T>C]A	0.02809296141896035	0.0	0.0	0.0	0.417946017181573	0.0	0.0	0.0	0.0	0.0	0.0	0.0	0.018914912563274433	0.21707639837287754	0.0	0.0	0.0	0.0	0.0	0.0	0.3179697104633148	0.0	0.0	0.0	0.0	0.0	0.0	0.0	0.0	0.0	0.0	0.0	0.0	0.0	0.0	0.0	0.0	0.0	0.0	0.0	0.0	0.0	0.0	0.0	0.0	0.0	0.0	0.0	0.0	0.0	0.0	0.0	0.0	0.0	0.0	0.0	0.0	0.0	0.0	0.0	0.0	0.0	0.0	0.0	0.0	0.0	0.0	0.0	0.0	0.0	0.0	0.0	0.0	0.0	0.0	0.0	0.0	0.0	0.0	0.0	0.0	0.0	0.0	0.0	0.0	0.0
NormalCohort	G[T>C]C	0.07212492728306187	0.0	0.0	0.0	0.33392198674216855	0.0	0.0	0.0	0.0	0.0	0.0	0.0	0.07660634779914316	0.11167241863097915	0.0	0.0	0.0	0.0	0.0	0.0	0.40567431954464717	0.0	0.0	0.0	0.0	0.0	0.0	0.0	0.0	0.0	0.0	0.0	0.0	0.0	0.0	0.0	0.0	0.0	0.0	0.0	0.0	0.0	0.0	0.0	0.0	0.0	0.0	0.0	0.0	0.0	0.0	0.0	0.0	0.0	0.0	0.0	0.0	0.0	0.0	0.0	0.0	0.0	0.0	0.0	0.0	0.0	0.0	0.0	0.0	0.0	0.0	0.0	0.0	0.0	0.0	0.0	0.0	0.0	0.0	0.0	0.0	0.0	0.0	0.0	0.0	0.0
NormalCohort	G[T>C]G	0.048686246891565296	0.0	0.0	0.0	0.6915192457201265	0.0	0.0	0.0	0.0	0.0	0.0	0.0	2.9817051883903192e-15	0.03169468220751781	0.0	0.0	0.0	0.0	0.0	0.0	0.2280998251807876	0.0	0.0	0.0	0.0	0.0	0.0	0.0	0.0	0.0	0.0	0.0	0.0	0.0	0.0	0.0	0.0	0.0	0.0	0.0	0.0	0.0	0.0	0.0	0.0	0.0	0.0	0.0	0.0	0.0	0.0	0.0	0.0	0.0	0.0	0.0	0.0	0.0	0.0	0.0	0.0	0.0	0.0	0.0	0.0	0.0	0.0	0.0	0.0	0.0	0.0	0.0	0.0	0.0	0.0	0.0	0.0	0.0	0.0	0.0	0.0	0.0	0.0	0.0	0.0	0.0
NormalCohort	G[T>C]T	0.0024843078510060376	0.0	0.0	0.0	0.5289397797225349	0.0	0.0	0.0	0.0	0.0	0.0	0.0	0.05924093417931954	0.2211962207359531	0.0	0.0	0.0	0.0	0.0	0.0	0.18813875751118644	0.0	0.0	0.0	0.0	0.0	0.0	0.0	0.0	0.0	0.0	0.0	0.0	0.0	0.0	0.0	0.0	0.0	0.0	0.0	0.0	0.0	0.0	0.0	0.0	0.0	0.0	0.0	0.0	0.0	0.0	0.0	0.0	0.0	0.0	0.0	0.0	0.0	0.0	0.0	0.0	0.0	0.0	0.0	0.0	0.0	0.0	0.0	0.0	0.0	0.0	0.0	0.0	0.0	0.0	0.0	0.0	0.0	0.0	0.0	0.0	0.0	0.0	0.0	0.0	0.0
NormalCohort	G[T>G]A	6.736148525026662e-14	0.0	0.0	0.0	0.8434844512685307	0.0	0.0	0.0	0.0	0.0	0.0	0.0	0.019805582657193514	0.08020761592924912	0.0	0.0	0.0	0.0	0.0	0.0	0.05650235014495957	0.0	0.0	0.0	0.0	0.0	0.0	0.0	0.0	0.0	0.0	0.0	0.0	0.0	0.0	0.0	0.0	0.0	0.0	0.0	0.0	0.0	0.0	0.0	0.0	0.0	0.0	0.0	0.0	0.0	0.0	0.0	0.0	0.0	0.0	0.0	0.0	0.0	0.0	0.0	0.0	0.0	0.0	0.0	0.0	0.0	0.0	0.0	0.0	0.0	0.0	0.0	0.0	0.0	0.0	0.0	0.0	0.0	0.0	0.0	0.0	0.0	0.0	0.0	0.0	0.0
NormalCohort	G[T>G]C	6.931954538182178e-14	0.0	0.0	0.0	0.5890019089572256	0.0	0.0	0.0	0.0	0.0	0.0	0.0	0.08322356875175135	0.1616463164290021	0.0	0.0	0.0	0.0	0.0	0.0	0.16612820586195157	0.0	0.0	0.0	0.0	0.0	0.0	0.0	0.0	0.0	0.0	0.0	0.0	0.0	0.0	0.0	0.0	0.0	0.0	0.0	0.0	0.0	0.0	0.0	0.0	0.0	0.0	0.0	0.0	0.0	0.0	0.0	0.0	0.0	0.0	0.0	0.0	0.0	0.0	0.0	0.0	0.0	0.0	0.0	0.0	0.0	0.0	0.0	0.0	0.0	0.0	0.0	0.0	0.0	0.0	0.0	0.0	0.0	0.0	0.0	0.0	0.0	0.0	0.0	0.0	0.0
NormalCohort	G[T>G]G	0.04643538465264753	0.0	0.0	0.0	0.7834982934164852	0.0	0.0	0.0	0.0	0.0	0.0	0.0	9.561233022915213e-15	0.1274097239075257	0.0	0.0	0.0	0.0	0.0	0.0	0.042656598023332215	0.0	0.0	0.0	0.0	0.0	0.0	0.0	0.0	0.0	0.0	0.0	0.0	0.0	0.0	0.0	0.0	0.0	0.0	0.0	0.0	0.0	0.0	0.0	0.0	0.0	0.0	0.0	0.0	0.0	0.0	0.0	0.0	0.0	0.0	0.0	0.0	0.0	0.0	0.0	0.0	0.0	0.0	0.0	0.0	0.0	0.0	0.0	0.0	0.0	0.0	0.0	0.0	0.0	0.0	0.0	0.0	0.0	0.0	0.0	0.0	0.0	0.0	0.0	0.0	0.0
NormalCohort	G[T>G]T	0.001957587500529197	0.0	0.0	0.0	0.34914509001148974	0.0	0.0	0.0	0.0	0.0	0.0	0.0	0.09523816167260872	0.3819284668900658	0.0	0.0	0.0	0.0	0.0	0.0	0.1717306939253064	0.0	0.0	0.0	0.0	0.0	0.0	0.0	0.0	0.0	0.0	0.0	0.0	0.0	0.0	0.0	0.0	0.0	0.0	0.0	0.0	0.0	0.0	0.0	0.0	0.0	0.0	0.0	0.0	0.0	0.0	0.0	0.0	0.0	0.0	0.0	0.0	0.0	0.0	0.0	0.0	0.0	0.0	0.0	0.0	0.0	0.0	0.0	0.0	0.0	0.0	0.0	0.0	0.0	0.0	0.0	0.0	0.0	0.0	0.0	0.0	0.0	0.0	0.0	0.0	0.0
NormalCohort	T[C>A]A	0.0011945808355392426	0.0	0.0	0.0	0.1581182302244966	0.0	0.0	0.0	0.0	0.0	0.0	0.0	0.5484889160760502	0.004469806534044999	0.0	0.0	0.0	0.0	0.0	0.0	0.28772846632986904	0.0	0.0	0.0	0.0	0.0	0.0	0.0	0.0	0.0	0.0	0.0	0.0	0.0	0.0	0.0	0.0	0.0	0.0	0.0	0.0	0.0	0.0	0.0	0.0	0.0	0.0	0.0	0.0	0.0	0.0	0.0	0.0	0.0	0.0	0.0	0.0	0.0	0.0	0.0	0.0	0.0	0.0	0.0	0.0	0.0	0.0	0.0	0.0	0.0	0.0	0.0	0.0	0.0	0.0	0.0	0.0	0.0	0.0	0.0	0.0	0.0	0.0	0.0	0.0	0.0
NormalCohort	T[C>A]C	0.10838358896051609	0.0	0.0	0.0	0.4352161712969681	0.0	0.0	0.0	0.0	0.0	0.0	0.0	0.13724971742117106	0.08984906020072546	0.0	0.0	0.0	0.0	0.0	0.0	0.2293014621206193	0.0	0.0	0.0	0.0	0.0	0.0	0.0	0.0	0.0	0.0	0.0	0.0	0.0	0.0	0.0	0.0	0.0	0.0	0.0	0.0	0.0	0.0	0.0	0.0	0.0	0.0	0.0	0.0	0.0	0.0	0.0	0.0	0.0	0.0	0.0	0.0	0.0	0.0	0.0	0.0	0.0	0.0	0.0	0.0	0.0	0.0	0.0	0.0	0.0	0.0	0.0	0.0	0.0	0.0	0.0	0.0	0.0	0.0	0.0	0.0	0.0	0.0	0.0	0.0	0.0
NormalCohort	T[C>A]G	6.740090117274023e-14	0.0	0.0	0.0	0.7702973882980284	0.0	0.0	0.0	0.0	0.0	0.0	0.0	0.11268578307808204	0.09560474754291959	0.0	0.0	0.0	0.0	0.0	0.0	0.02141208108090253	0.0	0.0	0.0	0.0	0.0	0.0	0.0	0.0	0.0	0.0	0.0	0.0	0.0	0.0	0.0	0.0	0.0	0.0	0.0	0.0	0.0	0.0	0.0	0.0	0.0	0.0	0.0	0.0	0.0	0.0	0.0	0.0	0.0	0.0	0.0	0.0	0.0	0.0	0.0	0.0	0.0	0.0	0.0	0.0	0.0	0.0	0.0	0.0	0.0	0.0	0.0	0.0	0.0	0.0	0.0	0.0	0.0	0.0	0.0	0.0	0.0	0.0	0.0	0.0	0.0
NormalCohort	T[C>A]T	2.0859791694567554e-05	0.0	0.0	0.0	0.04992362881392444	0.0	0.0	0.0	0.0	0.0	0.0	0.0	0.7639374431059487	0.15980368029062525	0.0	0.0	0.0	0.0	0.0	0.0	0.026314387997807047	0.0	0.0	0.0	0.0	0.0	0.0	0.0	0.0	0.0	0.0	0.0	0.0	0.0	0.0	0.0	0.0	0.0	0.0	0.0	0.0	0.0	0.0	0.0	0.0	0.0	0.0	0.0	0.0	0.0	0.0	0.0	0.0	0.0	0.0	0.0	0.0	0.0	0.0	0.0	0.0	0.0	0.0	0.0	0.0	0.0	0.0	0.0	0.0	0.0	0.0	0.0	0.0	0.0	0.0	0.0	0.0	0.0	0.0	0.0	0.0	0.0	0.0	0.0	0.0	0.0
NormalCohort	T[C>G]A	2.5143471978451795e-14	0.0	0.0	0.0	0.975755859139851	0.0	0.0	0.0	0.0	0.0	0.0	0.0	0.0020110828919208783	1.3817943721294438e-14	0.0	0.0	0.0	0.0	0.0	0.0	0.02223305796818918	0.0	0.0	0.0	0.0	0.0	0.0	0.0	0.0	0.0	0.0	0.0	0.0	0.0	0.0	0.0	0.0	0.0	0.0	0.0	0.0	0.0	0.0	0.0	0.0	0.0	0.0	0.0	0.0	0.0	0.0	0.0	0.0	0.0	0.0	0.0	0.0	0.0	0.0	0.0	0.0	0.0	0.0	0.0	0.0	0.0	0.0	0.0	0.0	0.0	0.0	0.0	0.0	0.0	0.0	0.0	0.0	0.0	0.0	0.0	0.0	0.0	0.0	0.0	0.0	0.0
NormalCohort	T[C>G]C	0.023389096005880794	0.0	0.0	0.0	0.9701161379845152	0.0	0.0	0.0	0.0	0.0	0.0	0.0	8.255851155047662e-15	1.4117682887913532e-14	0.0	0.0	0.0	0.0	0.0	0.0	0.006494766009581704	0.0	0.0	0.0	0.0	0.0	0.0	0.0	0.0	0.0	0.0	0.0	0.0	0.0	0.0	0.0	0.0	0.0	0.0	0.0	0.0	0.0	0.0	0.0	0.0	0.0	0.0	0.0	0.0	0.0	0.0	0.0	0.0	0.0	0.0	0.0	0.0	0.0	0.0	0.0	0.0	0.0	0.0	0.0	0.0	0.0	0.0	0.0	0.0	0.0	0.0	0.0	0.0	0.0	0.0	0.0	0.0	0.0	0.0	0.0	0.0	0.0	0.0	0.0	0.0	0.0
NormalCohort	T[C>G]G	0.03439029618043394	0.0	0.0	0.0	0.9389496518268234	0.0	0.0	0.0	0.0	0.0	0.0	0.0	3.5513862786555075e-14	6.072946853443644e-14	0.0	0.0	0.0	0.0	0.0	0.0	0.026660051992646615	0.0	0.0	0.0	0.0	0.0	0.0	0.0	0.0	0.0	0.0	0.0	0.0	0.0	0.0	0.0	0.0	0.0	0.0	0.0	0.0	0.0	0.0	0.0	0.0	0.0	0.0	0.0	0.0	0.0	0.0	0.0	0.0	0.0	0.0	0.0	0.0	0.0	0.0	0.0	0.0	0.0	0.0	0.0	0.0	0.0	0.0	0.0	0.0	0.0	0.0	0.0	0.0	0.0	0.0	0.0	0.0	0.0	0.0	0.0	0.0	0.0	0.0	0.0	0.0	0.0
NormalCohort	T[C>G]T	0.09993424422858505	0.0	0.0	0.0	0.8871404626363533	0.0	0.0	0.0	0.0	0.0	0.0	0.0	0.0011218265954029555	0.0015345195141341931	0.0	0.0	0.0	0.0	0.0	0.0	0.010268947025524614	0.0	0.0	0.0	0.0	0.0	0.0	0.0	0.0	0.0	0.0	0.0	0.0	0.0	0.0	0.0	0.0	0.0	0.0	0.0	0.0	0.0	0.0	0.0	0.0	0.0	0.0	0.0	0.0	0.0	0.0	0.0	0.0	0.0	0.0	0.0	0.0	0.0	0.0	0.0	0.0	0.0	0.0	0.0	0.0	0.0	0.0	0.0	0.0	0.0	0.0	0.0	0.0	0.0	0.0	0.0	0.0	0.0	0.0	0.0	0.0	0.0	0.0	0.0	0.0	0.0
NormalCohort	T[C>T]A	0.022361876617391307	0.0	0.0	0.0	0.4530790757999297	0.0	0.0	0.0	0.0	0.0	0.0	0.0	0.002369403960126161	0.030355323090205638	0.0	0.0	0.0	0.0	0.0	0.0	0.4918343205323472	0.0	0.0	0.0	0.0	0.0	0.0	0.0	0.0	0.0	0.0	0.0	0.0	0.0	0.0	0.0	0.0	0.0	0.0	0.0	0.0	0.0	0.0	0.0	0.0	0.0	0.0	0.0	0.0	0.0	0.0	0.0	0.0	0.0	0.0	0.0	0.0	0.0	0.0	0.0	0.0	0.0	0.0	0.0	0.0	0.0	0.0	0.0	0.0	0.0	0.0	0.0	0.0	0.0	0.0	0.0	0.0	0.0	0.0	0.0	0.0	0.0	0.0	0.0	0.0	0.0
NormalCohort	T[C>T]C	0.000601684838332153	0.0	0.0	0.0	0.41110981010235964	0.0	0.0	0.0	0.0	0.0	0.0	0.0	0.01430933971069201	0.43188283744969314	0.0	0.0	0.0	0.0	0.0	0.0	0.142096327898923	0.0	0.0	0.0	0.0	0.0	0.0	0.0	0.0	0.0	0.0	0.0	0.0	0.0	0.0	0.0	0.0	0.0	0.0	0.0	0.0	0.0	0.0	0.0	0.0	0.0	0.0	0.0	0.0	0.0	0.0	0.0	0.0	0.0	0.0	0.0	0.0	0.0	0.0	0.0	0.0	0.0	0.0	0.0	0.0	0.0	0.0	0.0	0.0	0.0	0.0	0.0	0.0	0.0	0.0	0.0	0.0	0.0	0.0	0.0	0.0	0.0	0.0	0.0	0.0	0.0
NormalCohort	T[C>T]G	0.28260359933286444	0.0	0.0	0.0	0.04525585484627805	0.0	0.0	0.0	0.0	0.0	0.0	0.0	0.0023033633700696374	0.6196597438472332	0.0	0.0	0.0	0.0	0.0	0.0	0.050177438603554655	0.0	0.0	0.0	0.0	0.0	0.0	0.0	0.0	0.0	0.0	0.0	0.0	0.0	0.0	0.0	0.0	0.0	0.0	0.0	0.0	0.0	0.0	0.0	0.0	0.0	0.0	0.0	0.0	0.0	0.0	0.0	0.0	0.0	0.0	0.0	0.0	0.0	0.0	0.0	0.0	0.0	0.0	0.0	0.0	0.0	0.0	0.0	0.0	0.0	0.0	0.0	0.0	0.0	0.0	0.0	0.0	0.0	0.0	0.0	0.0	0.0	0.0	0.0	0.0	0.0
NormalCohort	T[C>T]T	2.1679752863468035e-15	0.0	0.0	0.0	0.22622392269981484	0.0	0.0	0.0	0.0	0.0	0.0	0.0	0.07124176435853607	0.6869472783050804	0.0	0.0	0.0	0.0	0.0	0.0	0.015587034636566547	0.0	0.0	0.0	0.0	0.0	0.0	0.0	0.0	0.0	0.0	0.0	0.0	0.0	0.0	0.0	0.0	0.0	0.0	0.0	0.0	0.0	0.0	0.0	0.0	0.0	0.0	0.0	0.0	0.0	0.0	0.0	0.0	0.0	0.0	0.0	0.0	0.0	0.0	0.0	0.0	0.0	0.0	0.0	0.0	0.0	0.0	0.0	0.0	0.0	0.0	0.0	0.0	0.0	0.0	0.0	0.0	0.0	0.0	0.0	0.0	0.0	0.0	0.0	0.0	0.0
NormalCohort	T[T>A]A	0.3939184431940291	0.0	0.0	0.0	0.40978776944678746	0.0	0.0	0.0	0.0	0.0	0.0	0.0	0.03842733709962201	0.09900229627626177	0.0	0.0	0.0	0.0	0.0	0.0	0.05886415398329973	0.0	0.0	0.0	0.0	0.0	0.0	0.0	0.0	0.0	0.0	0.0	0.0	0.0	0.0	0.0	0.0	0.0	0.0	0.0	0.0	0.0	0.0	0.0	0.0	0.0	0.0	0.0	0.0	0.0	0.0	0.0	0.0	0.0	0.0	0.0	0.0	0.0	0.0	0.0	0.0	0.0	0.0	0.0	0.0	0.0	0.0	0.0	0.0	0.0	0.0	0.0	0.0	0.0	0.0	0.0	0.0	0.0	0.0	0.0	0.0	0.0	0.0	0.0	0.0	0.0
NormalCohort	T[T>A]C	4.2762013233267157e-14	0.0	0.0	0.0	0.8796772709248635	0.0	0.0	0.0	0.0	0.0	0.0	0.0	0.022187387182388364	0.07039456158026904	0.0	0.0	0.0	0.0	0.0	0.0	0.027740780312436424	0.0	0.0	0.0	0.0	0.0	0.0	0.0	0.0	0.0	0.0	0.0	0.0	0.0	0.0	0.0	0.0	0.0	0.0	0.0	0.0	0.0	0.0	0.0	0.0	0.0	0.0	0.0	0.0	0.0	0.0	0.0	0.0	0.0	0.0	0.0	0.0	0.0	0.0	0.0	0.0	0.0	0.0	0.0	0.0	0.0	0.0	0.0	0.0	0.0	0.0	0.0	0.0	0.0	0.0	0.0	0.0	0.0	0.0	0.0	0.0	0.0	0.0	0.0	0.0	0.0
NormalCohort	T[T>A]G	0.004882568207430577	0.0	0.0	0.0	0.925540761504963	0.0	0.0	0.0	0.0	0.0	0.0	0.0	0.03883952998492301	0.006796182756279135	0.0	0.0	0.0	0.0	0.0	0.0	0.02394095754640421	0.0	0.0	0.0	0.0	0.0	0.0	0.0	0.0	0.0	0.0	0.0	0.0	0.0	0.0	0.0	0.0	0.0	0.0	0.0	0.0	0.0	0.0	0.0	0.0	0.0	0.0	0.0	0.0	0.0	0.0	0.0	0.0	0.0	0.0	0.0	0.0	0.0	0.0	0.0	0.0	0.0	0.0	0.0	0.0	0.0	0.0	0.0	0.0	0.0	0.0	0.0	0.0	0.0	0.0	0.0	0.0	0.0	0.0	0.0	0.0	0.0	0.0	0.0	0.0	0.0
NormalCohort	T[T>A]T	0.15080008253906424	0.0	0.0	0.0	0.6497104548109465	0.0	0.0	0.0	0.0	0.0	0.0	0.0	0.11393261603623867	0.056227620013021735	0.0	0.0	0.0	0.0	0.0	0.0	0.02932922660072865	0.0	0.0	0.0	0.0	0.0	0.0	0.0	0.0	0.0	0.0	0.0	0.0	0.0	0.0	0.0	0.0	0.0	0.0	0.0	0.0	0.0	0.0	0.0	0.0	0.0	0.0	0.0	0.0	0.0	0.0	0.0	0.0	0.0	0.0	0.0	0.0	0.0	0.0	0.0	0.0	0.0	0.0	0.0	0.0	0.0	0.0	0.0	0.0	0.0	0.0	0.0	0.0	0.0	0.0	0.0	0.0	0.0	0.0	0.0	0.0	0.0	0.0	0.0	0.0	0.0
NormalCohort	T[T>C]A	0.008956063337198991	0.0	0.0	0.0	0.7003943286461399	0.0	0.0	0.0	0.0	0.0	0.0	0.0	0.008238985063188087	0.17175051437614108	0.0	0.0	0.0	0.0	0.0	0.0	0.11066010857733202	0.0	0.0	0.0	0.0	0.0	0.0	0.0	0.0	0.0	0.0	0.0	0.0	0.0	0.0	0.0	0.0	0.0	0.0	0.0	0.0	0.0	0.0	0.0	0.0	0.0	0.0	0.0	0.0	0.0	0.0	0.0	0.0	0.0	0.0	0.0	0.0	0.0	0.0	0.0	0.0	0.0	0.0	0.0	0.0	0.0	0.0	0.0	0.0	0.0	0.0	0.0	0.0	0.0	0.0	0.0	0.0	0.0	0.0	0.0	0.0	0.0	0.0	0.0	0.0	0.0
NormalCohort	T[T>C]C	0.15909889305493463	0.0	0.0	0.0	0.5048695698803967	0.0	0.0	0.0	0.0	0.0	0.0	0.0	0.07797063059902976	0.002098192330863266	0.0	0.0	0.0	0.0	0.0	0.0	0.25596271413477556	0.0	0.0	0.0	0.0	0.0	0.0	0.0	0.0	0.0	0.0	0.0	0.0	0.0	0.0	0.0	0.0	0.0	0.0	0.0	0.0	0.0	0.0	0.0	0.0	0.0	0.0	0.0	0.0	0.0	0.0	0.0	0.0	0.0	0.0	0.0	0.0	0.0	0.0	0.0	0.0	0.0	0.0	0.0	0.0	0.0	0.0	0.0	0.0	0.0	0.0	0.0	0.0	0.0	0.0	0.0	0.0	0.0	0.0	0.0	0.0	0.0	0.0	0.0	0.0	0.0
NormalCohort	T[T>C]G	0.025698860043399618	0.0	0.0	0.0	0.8691941315679278	0.0	0.0	0.0	0.0	0.0	0.0	0.0	0.007206095408459578	0.022776340809127556	0.0	0.0	0.0	0.0	0.0	0.0	0.07512457217108572	0.0	0.0	0.0	0.0	0.0	0.0	0.0	0.0	0.0	0.0	0.0	0.0	0.0	0.0	0.0	0.0	0.0	0.0	0.0	0.0	0.0	0.0	0.0	0.0	0.0	0.0	0.0	0.0	0.0	0.0	0.0	0.0	0.0	0.0	0.0	0.0	0.0	0.0	0.0	0.0	0.0	0.0	0.0	0.0	0.0	0.0	0.0	0.0	0.0	0.0	0.0	0.0	0.0	0.0	0.0	0.0	0.0	0.0	0.0	0.0	0.0	0.0	0.0	0.0	0.0
NormalCohort	T[T>C]T	0.1596153210191471	0.0	0.0	0.0	0.7555288582781992	0.0	0.0	0.0	0.0	0.0	0.0	0.0	0.03849844553248625	0.0005106852778926104	0.0	0.0	0.0	0.0	0.0	0.0	0.04584668989227492	0.0	0.0	0.0	0.0	0.0	0.0	0.0	0.0	0.0	0.0	0.0	0.0	0.0	0.0	0.0	0.0	0.0	0.0	0.0	0.0	0.0	0.0	0.0	0.0	0.0	0.0	0.0	0.0	0.0	0.0	0.0	0.0	0.0	0.0	0.0	0.0	0.0	0.0	0.0	0.0	0.0	0.0	0.0	0.0	0.0	0.0	0.0	0.0	0.0	0.0	0.0	0.0	0.0	0.0	0.0	0.0	0.0	0.0	0.0	0.0	0.0	0.0	0.0	0.0	0.0
NormalCohort	T[T>G]A	1.7023494469174148e-14	0.0	0.0	0.0	0.4415542844189655	0.0	0.0	0.0	0.0	0.0	0.0	0.0	0.06600038605645143	0.47619659124958297	0.0	0.0	0.0	0.0	0.0	0.0	0.01624873827498302	0.0	0.0	0.0	0.0	0.0	0.0	0.0	0.0	0.0	0.0	0.0	0.0	0.0	0.0	0.0	0.0	0.0	0.0	0.0	0.0	0.0	0.0	0.0	0.0	0.0	0.0	0.0	0.0	0.0	0.0	0.0	0.0	0.0	0.0	0.0	0.0	0.0	0.0	0.0	0.0	0.0	0.0	0.0	0.0	0.0	0.0	0.0	0.0	0.0	0.0	0.0	0.0	0.0	0.0	0.0	0.0	0.0	0.0	0.0	0.0	0.0	0.0	0.0	0.0	0.0
NormalCohort	T[T>G]C	0.005169457177771048	0.0	0.0	0.0	0.6819726089526099	0.0	0.0	0.0	0.0	0.0	0.0	0.0	6.723800358430591e-15	0.28744203779078337	0.0	0.0	0.0	0.0	0.0	0.0	0.025415896078828965	0.0	0.0	0.0	0.0	0.0	0.0	0.0	0.0	0.0	0.0	0.0	0.0	0.0	0.0	0.0	0.0	0.0	0.0	0.0	0.0	0.0	0.0	0.0	0.0	0.0	0.0	0.0	0.0	0.0	0.0	0.0	0.0	0.0	0.0	0.0	0.0	0.0	0.0	0.0	0.0	0.0	0.0	0.0	0.0	0.0	0.0	0.0	0.0	0.0	0.0	0.0	0.0	0.0	0.0	0.0	0.0	0.0	0.0	0.0	0.0	0.0	0.0	0.0	0.0	0.0
NormalCohort	T[T>G]G	0.05866182756530659	0.0	0.0	0.0	0.7736410982585978	0.0	0.0	0.0	0.0	0.0	0.0	0.0	0.0006983621092196934	0.15327923306988145	0.0	0.0	0.0	0.0	0.0	0.0	0.013719478996994555	0.0	0.0	0.0	0.0	0.0	0.0	0.0	0.0	0.0	0.0	0.0	0.0	0.0	0.0	0.0	0.0	0.0	0.0	0.0	0.0	0.0	0.0	0.0	0.0	0.0	0.0	0.0	0.0	0.0	0.0	0.0	0.0	0.0	0.0	0.0	0.0	0.0	0.0	0.0	0.0	0.0	0.0	0.0	0.0	0.0	0.0	0.0	0.0	0.0	0.0	0.0	0.0	0.0	0.0	0.0	0.0	0.0	0.0	0.0	0.0	0.0	0.0	0.0	0.0	0.0
NormalCohort	T[T>G]T	2.906195192459722e-15	0.0	0.0	0.0	0.19495010202630575	0.0	0.0	0.0	0.0	0.0	0.0	0.0	0.07916479272094977	0.6539548630237275	0.0	0.0	0.0	0.0	0.0	0.0	0.07193024222901402	0.0	0.0	0.0	0.0	0.0	0.0	0.0	0.0	0.0	0.0	0.0	0.0	0.0	0.0	0.0	0.0	0.0	0.0	0.0	0.0	0.0	0.0	0.0	0.0	0.0	0.0	0.0	0.0	0.0	0.0	0.0	0.0	0.0	0.0	0.0	0.0	0.0	0.0	0.0	0.0	0.0	0.0	0.0	0.0	0.0	0.0	0.0	0.0	0.0	0.0	0.0	0.0	0.0	0.0	0.0	0.0	0.0	0.0	0.0	0.0	0.0	0.0	0.0	0.0	0.0
