Sample Names	MutationType	SBS1	SBS2	SBS3	SBS4	SBS5	SBS6	SBS7a	SBS7b	SBS7c	SBS7d	SBS8	SBS9	SBS10a	SBS10b	SBS10c	SBS10d	SBS11	SBS12	SBS13	SBS14	SBS15	SBS16	SBS17a	SBS17b	SBS18	SBS19	SBS20	SBS21	SBS22a	SBS22b	SBS23	SBS24	SBS25	SBS26	SBS27	SBS28	SBS29	SBS30	SBS31	SBS32	SBS33	SBS34	SBS35	SBS36	SBS37	SBS38	SBS39	SBS40a	SBS40b	SBS40c	SBS41	SBS42	SBS43	SBS44	SBS45	SBS46	SBS47	SBS48	SBS49	SBS50	SBS51	SBS52	SBS53	SBS54	SBS55	SBS56	SBS57	SBS58	SBS59	SBS60	SBS84	SBS85	SBS86	SBS87	SBS88	SBS89	SBS90	SBS91	SBS92	SBS93	SBS94	SBS95	SBS96	SBS97	SBS98	SBS99
EarlyCohort	A[C>A]A	0.04670047788312432	0.0	0.0	0.0	0.6034058495050981	0.0	0.0	0.0	0.0	0.0	0.0	0.0	0.0	0.004688814647240468	0.0	0.0	0.0	0.0	0.0	0.0	0.04283302291184034	0.0	0.0	0.0	0.0	0.0	0.0	0.0	0.0	0.0	0.0	0.0	0.0	0.0	0.0	0.0	0.0	0.0	0.0	0.0	0.0	0.0	0.0	0.0	0.0	0.0	0.0	0.0	0.0	0.0	0.0	0.0	0.0	0.0	0.0	0.0	0.0	0.0	0.0	0.0	0.0	0.0	0.0	0.0	0.0	0.3023718350526967	0.0	0.0	0.0	0.0	0.0	0.0	0.0	0.0	0.0	0.0	0.0	0.0	0.0	0.0	0.0	0.0	0.0	0.0	0.0	0.0
EarlyCohort	A[C>A]C	0.10336405805443763	0.0	0.0	0.0	0.408269727302468	0.0	0.0	0.0	0.0	0.0	0.0	0.0	0.0	0.14491635077100432	0.0	0.0	0.0	0.0	0.0	0.0	0.019395890741656378	0.0	0.0	0.0	0.0	0.0	0.0	0.0	0.0	0.0	0.0	0.0	0.0	0.0	0.0	0.0	0.0	0.0	0.0	0.0	0.0	0.0	0.0	0.0	0.0	0.0	0.0	0.0	0.0	0.0	0.0	0.0	0.0	0.0	0.0	0.0	0.0	0.0	0.0	0.0	0.0	0.0	0.0	0.0	0.0	0.3240539731304337	0.0	0.0	0.0	0.0	0.0	0.0	0.0	0.0	0.0	0.0	0.0	0.0	0.0	0.0	0.0	0.0	0.0	0.0	0.0	0.0
EarlyCohort	A[C>A]G	0.08422607698043992	0.0	0.0	0.0	0.839820741459917	0.0	0.0	0.0	0.0	0.0	0.0	0.0	0.0	0.012443404410989324	0.0	0.0	0.0	0.0	0.0	0.0	0.018879971439206687	0.0	0.0	0.0	0.0	0.0	0.0	0.0	0.0	0.0	0.0	0.0	0.0	0.0	0.0	0.0	0.0	0.0	0.0	0.0	0.0	0.0	0.0	0.0	0.0	0.0	0.0	0.0	0.0	0.0	0.0	0.0	0.0	0.0	0.0	0.0	0.0	0.0	0.0	0.0	0.0	0.0	0.0	0.0	0.0	0.04462980570944698	0.0	0.0	0.0	0.0	0.0	0.0	0.0	0.0	0.0	0.0	0.0	0.0	0.0	0.0	0.0	0.0	0.0	0.0	0.0	0.0
EarlyCohort	A[C>A]T	0.0672945066926191	0.0	0.0	0.0	0.33152150765882715	0.0	0.0	0.0	0.0	0.0	0.0	0.0	0.0	0.00041885954786416045	0.0	0.0	0.0	0.0	0.0	0.0	0.050235632729201105	0.0	0.0	0.0	0.0	0.0	0.0	0.0	0.0	0.0	0.0	0.0	0.0	0.0	0.0	0.0	0.0	0.0	0.0	0.0	0.0	0.0	0.0	0.0	0.0	0.0	0.0	0.0	0.0	0.0	0.0	0.0	0.0	0.0	0.0	0.0	0.0	0.0	0.0	0.0	0.0	0.0	0.0	0.0	0.0	0.5505294933714886	0.0	0.0	0.0	0.0	0.0	0.0	0.0	0.0	0.0	0.0	0.0	0.0	0.0	0.0	0.0	0.0	0.0	0.0	0.0	0.0
EarlyCohort	A[C>G]A	0.15588484291189308	0.0	0.0	0.0	0.8075192638640593	0.0	0.0	0.0	0.0	0.0	0.0	0.0	0.0	0.012493848265505645	0.0	0.0	0.0	0.0	0.0	0.0	0.008152442239853971	0.0	0.0	0.0	0.0	0.0	0.0	0.0	0.0	0.0	0.0	0.0	0.0	0.0	0.0	0.0	0.0	0.0	0.0	0.0	0.0	0.0	0.0	0.0	0.0	0.0	0.0	0.0	0.0	0.0	0.0	0.0	0.0	0.0	0.0	0.0	0.0	0.0	0.0	0.0	0.0	0.0	0.0	0.0	0.0	0.01594960271868808	0.0	0.0	0.0	0.0	0.0	0.0	0.0	0.0	0.0	0.0	0.0	0.0	0.0	0.0	0.0	0.0	0.0	0.0	0.0	0.0
EarlyCohort	A[C>G]C	0.173533650039377	0.0	0.0	0.0	0.7734622172071991	0.0	0.0	0.0	0.0	0.0	0.0	0.0	0.0	0.009316078304936916	0.0	0.0	0.0	0.0	0.0	0.0	0.032937884116048095	0.0	0.0	0.0	0.0	0.0	0.0	0.0	0.0	0.0	0.0	0.0	0.0	0.0	0.0	0.0	0.0	0.0	0.0	0.0	0.0	0.0	0.0	0.0	0.0	0.0	0.0	0.0	0.0	0.0	0.0	0.0	0.0	0.0	0.0	0.0	0.0	0.0	0.0	0.0	0.0	0.0	0.0	0.0	0.0	0.010750170332439007	0.0	0.0	0.0	0.0	0.0	0.0	0.0	0.0	0.0	0.0	0.0	0.0	0.0	0.0	0.0	0.0	0.0	0.0	0.0	0.0
EarlyCohort	A[C>G]G	0.058164804929853146	0.0	0.0	0.0	0.8299137828744896	0.0	0.0	0.0	0.0	0.0	0.0	0.0	0.0	5.4881765104602975e-14	0.0	0.0	0.0	0.0	0.0	0.0	0.01336375316417168	0.0	0.0	0.0	0.0	0.0	0.0	0.0	0.0	0.0	0.0	0.0	0.0	0.0	0.0	0.0	0.0	0.0	0.0	0.0	0.0	0.0	0.0	0.0	0.0	0.0	0.0	0.0	0.0	0.0	0.0	0.0	0.0	0.0	0.0	0.0	0.0	0.0	0.0	0.0	0.0	0.0	0.0	0.0	0.0	0.09855765903143066	0.0	0.0	0.0	0.0	0.0	0.0	0.0	0.0	0.0	0.0	0.0	0.0	0.0	0.0	0.0	0.0	0.0	0.0	0.0	0.0
EarlyCohort	A[C>G]T	0.10260102429866806	0.0	0.0	0.0	0.8671792740526516	0.0	0.0	0.0	0.0	0.0	0.0	0.0	0.0	9.765872636919025e-15	0.0	0.0	0.0	0.0	0.0	0.0	0.02517966492826003	0.0	0.0	0.0	0.0	0.0	0.0	0.0	0.0	0.0	0.0	0.0	0.0	0.0	0.0	0.0	0.0	0.0	0.0	0.0	0.0	0.0	0.0	0.0	0.0	0.0	0.0	0.0	0.0	0.0	0.0	0.0	0.0	0.0	0.0	0.0	0.0	0.0	0.0	0.0	0.0	0.0	0.0	0.0	0.0	0.005040036720410565	0.0	0.0	0.0	0.0	0.0	0.0	0.0	0.0	0.0	0.0	0.0	0.0	0.0	0.0	0.0	0.0	0.0	0.0	0.0	0.0
EarlyCohort	A[C>T]A	0.39011002797892036	0.0	0.0	0.0	0.48529430562058434	0.0	0.0	0.0	0.0	0.0	0.0	0.0	0.0	0.004187204420499362	0.0	0.0	0.0	0.0	0.0	0.0	0.06783557967808361	0.0	0.0	0.0	0.0	0.0	0.0	0.0	0.0	0.0	0.0	0.0	0.0	0.0	0.0	0.0	0.0	0.0	0.0	0.0	0.0	0.0	0.0	0.0	0.0	0.0	0.0	0.0	0.0	0.0	0.0	0.0	0.0	0.0	0.0	0.0	0.0	0.0	0.0	0.0	0.0	0.0	0.0	0.0	0.0	0.052572882301912344	0.0	0.0	0.0	0.0	0.0	0.0	0.0	0.0	0.0	0.0	0.0	0.0	0.0	0.0	0.0	0.0	0.0	0.0	0.0	0.0
EarlyCohort	A[C>T]C	0.1953162273682718	0.0	0.0	0.0	0.5277336156831104	0.0	0.0	0.0	0.0	0.0	0.0	0.0	0.0	0.0793022544917212	0.0	0.0	0.0	0.0	0.0	0.0	0.18383083574720857	0.0	0.0	0.0	0.0	0.0	0.0	0.0	0.0	0.0	0.0	0.0	0.0	0.0	0.0	0.0	0.0	0.0	0.0	0.0	0.0	0.0	0.0	0.0	0.0	0.0	0.0	0.0	0.0	0.0	0.0	0.0	0.0	0.0	0.0	0.0	0.0	0.0	0.0	0.0	0.0	0.0	0.0	0.0	0.0	0.013817066709688118	0.0	0.0	0.0	0.0	0.0	0.0	0.0	0.0	0.0	0.0	0.0	0.0	0.0	0.0	0.0	0.0	0.0	0.0	0.0	0.0
EarlyCohort	A[C>T]G	0.837305601071508	0.0	0.0	0.0	0.013524464980694817	0.0	0.0	0.0	0.0	0.0	0.0	0.0	0.0	0.00046419048227189154	0.0	0.0	0.0	0.0	0.0	0.0	0.1471182289950879	0.0	0.0	0.0	0.0	0.0	0.0	0.0	0.0	0.0	0.0	0.0	0.0	0.0	0.0	0.0	0.0	0.0	0.0	0.0	0.0	0.0	0.0	0.0	0.0	0.0	0.0	0.0	0.0	0.0	0.0	0.0	0.0	0.0	0.0	0.0	0.0	0.0	0.0	0.0	0.0	0.0	0.0	0.0	0.0	0.0015875144704373188	0.0	0.0	0.0	0.0	0.0	0.0	0.0	0.0	0.0	0.0	0.0	0.0	0.0	0.0	0.0	0.0	0.0	0.0	0.0	0.0
EarlyCohort	A[C>T]T	0.2570510627004714	0.0	0.0	0.0	0.5631408890573283	0.0	0.0	0.0	0.0	0.0	0.0	0.0	0.0	0.10399968783554578	0.0	0.0	0.0	0.0	0.0	0.0	0.04111429541489331	0.0	0.0	0.0	0.0	0.0	0.0	0.0	0.0	0.0	0.0	0.0	0.0	0.0	0.0	0.0	0.0	0.0	0.0	0.0	0.0	0.0	0.0	0.0	0.0	0.0	0.0	0.0	0.0	0.0	0.0	0.0	0.0	0.0	0.0	0.0	0.0	0.0	0.0	0.0	0.0	0.0	0.0	0.0	0.0	0.03469406499176136	0.0	0.0	0.0	0.0	0.0	0.0	0.0	0.0	0.0	0.0	0.0	0.0	0.0	0.0	0.0	0.0	0.0	0.0	0.0	0.0
EarlyCohort	A[T>A]A	0.07627506661774804	0.0	0.0	0.0	0.6712580511141335	0.0	0.0	0.0	0.0	0.0	0.0	0.0	0.0	0.08481431016956656	0.0	0.0	0.0	0.0	0.0	0.0	0.16743331489150345	0.0	0.0	0.0	0.0	0.0	0.0	0.0	0.0	0.0	0.0	0.0	0.0	0.0	0.0	0.0	0.0	0.0	0.0	0.0	0.0	0.0	0.0	0.0	0.0	0.0	0.0	0.0	0.0	0.0	0.0	0.0	0.0	0.0	0.0	0.0	0.0	0.0	0.0	0.0	0.0	0.0	0.0	0.0	0.0	0.00021925720704846005	0.0	0.0	0.0	0.0	0.0	0.0	0.0	0.0	0.0	0.0	0.0	0.0	0.0	0.0	0.0	0.0	0.0	0.0	0.0	0.0
EarlyCohort	A[T>A]C	0.19087648252158762	0.0	0.0	0.0	0.5658760299168033	0.0	0.0	0.0	0.0	0.0	0.0	0.0	0.0	0.014098797943847757	0.0	0.0	0.0	0.0	0.0	0.0	0.061967295354758464	0.0	0.0	0.0	0.0	0.0	0.0	0.0	0.0	0.0	0.0	0.0	0.0	0.0	0.0	0.0	0.0	0.0	0.0	0.0	0.0	0.0	0.0	0.0	0.0	0.0	0.0	0.0	0.0	0.0	0.0	0.0	0.0	0.0	0.0	0.0	0.0	0.0	0.0	0.0	0.0	0.0	0.0	0.0	0.0	0.16718139426300285	0.0	0.0	0.0	0.0	0.0	0.0	0.0	0.0	0.0	0.0	0.0	0.0	0.0	0.0	0.0	0.0	0.0	0.0	0.0	0.0
EarlyCohort	A[T>A]G	0.10805508555565066	0.0	0.0	0.0	0.8246617837771741	0.0	0.0	0.0	0.0	0.0	0.0	0.0	0.0	0.0010840952812598537	0.0	0.0	0.0	0.0	0.0	0.0	0.044060925272975504	0.0	0.0	0.0	0.0	0.0	0.0	0.0	0.0	0.0	0.0	0.0	0.0	0.0	0.0	0.0	0.0	0.0	0.0	0.0	0.0	0.0	0.0	0.0	0.0	0.0	0.0	0.0	0.0	0.0	0.0	0.0	0.0	0.0	0.0	0.0	0.0	0.0	0.0	0.0	0.0	0.0	0.0	0.0	0.0	0.02213811011293977	0.0	0.0	0.0	0.0	0.0	0.0	0.0	0.0	0.0	0.0	0.0	0.0	0.0	0.0	0.0	0.0	0.0	0.0	0.0	0.0
EarlyCohort	A[T>A]T	0.006330784096404466	0.0	0.0	0.0	0.20461609144904916	0.0	0.0	0.0	0.0	0.0	0.0	0.0	0.0	0.048190055400682275	0.0	0.0	0.0	0.0	0.0	0.0	0.28410249614638167	0.0	0.0	0.0	0.0	0.0	0.0	0.0	0.0	0.0	0.0	0.0	0.0	0.0	0.0	0.0	0.0	0.0	0.0	0.0	0.0	0.0	0.0	0.0	0.0	0.0	0.0	0.0	0.0	0.0	0.0	0.0	0.0	0.0	0.0	0.0	0.0	0.0	0.0	0.0	0.0	0.0	0.0	0.0	0.0	0.4567605729074824	0.0	0.0	0.0	0.0	0.0	0.0	0.0	0.0	0.0	0.0	0.0	0.0	0.0	0.0	0.0	0.0	0.0	0.0	0.0	0.0
EarlyCohort	A[T>C]A	0.018545698267938327	0.0	0.0	0.0	0.7498931950204881	0.0	0.0	0.0	0.0	0.0	0.0	0.0	0.0	0.07775592821968073	0.0	0.0	0.0	0.0	0.0	0.0	0.05697517398836218	0.0	0.0	0.0	0.0	0.0	0.0	0.0	0.0	0.0	0.0	0.0	0.0	0.0	0.0	0.0	0.0	0.0	0.0	0.0	0.0	0.0	0.0	0.0	0.0	0.0	0.0	0.0	0.0	0.0	0.0	0.0	0.0	0.0	0.0	0.0	0.0	0.0	0.0	0.0	0.0	0.0	0.0	0.0	0.0	0.09683000450353056	0.0	0.0	0.0	0.0	0.0	0.0	0.0	0.0	0.0	0.0	0.0	0.0	0.0	0.0	0.0	0.0	0.0	0.0	0.0	0.0
EarlyCohort	A[T>C]C	0.14782803918948054	0.0	0.0	0.0	0.6216253067054327	0.0	0.0	0.0	0.0	0.0	0.0	0.0	0.0	0.012121563384720346	0.0	0.0	0.0	0.0	0.0	0.0	0.08204620915490338	0.0	0.0	0.0	0.0	0.0	0.0	0.0	0.0	0.0	0.0	0.0	0.0	0.0	0.0	0.0	0.0	0.0	0.0	0.0	0.0	0.0	0.0	0.0	0.0	0.0	0.0	0.0	0.0	0.0	0.0	0.0	0.0	0.0	0.0	0.0	0.0	0.0	0.0	0.0	0.0	0.0	0.0	0.0	0.0	0.13637888156546296	0.0	0.0	0.0	0.0	0.0	0.0	0.0	0.0	0.0	0.0	0.0	0.0	0.0	0.0	0.0	0.0	0.0	0.0	0.0	0.0
EarlyCohort	A[T>C]G	0.002562727726601963	0.0	0.0	0.0	0.8810484011957164	0.0	0.0	0.0	0.0	0.0	0.0	0.0	0.0	0.006274740122097217	0.0	0.0	0.0	0.0	0.0	0.0	0.004994884392327395	0.0	0.0	0.0	0.0	0.0	0.0	0.0	0.0	0.0	0.0	0.0	0.0	0.0	0.0	0.0	0.0	0.0	0.0	0.0	0.0	0.0	0.0	0.0	0.0	0.0	0.0	0.0	0.0	0.0	0.0	0.0	0.0	0.0	0.0	0.0	0.0	0.0	0.0	0.0	0.0	0.0	0.0	0.0	0.0	0.10511924656325725	0.0	0.0	0.0	0.0	0.0	0.0	0.0	0.0	0.0	0.0	0.0	0.0	0.0	0.0	0.0	0.0	0.0	0.0	0.0	0.0
EarlyCohort	A[T>C]T	0.11763236610234197	0.0	0.0	0.0	0.7487799161125634	0.0	0.0	0.0	0.0	0.0	0.0	0.0	0.0	0.001502489427998206	0.0	0.0	0.0	0.0	0.0	0.0	0.016388894661450888	0.0	0.0	0.0	0.0	0.0	0.0	0.0	0.0	0.0	0.0	0.0	0.0	0.0	0.0	0.0	0.0	0.0	0.0	0.0	0.0	0.0	0.0	0.0	0.0	0.0	0.0	0.0	0.0	0.0	0.0	0.0	0.0	0.0	0.0	0.0	0.0	0.0	0.0	0.0	0.0	0.0	0.0	0.0	0.0	0.11569633369564546	0.0	0.0	0.0	0.0	0.0	0.0	0.0	0.0	0.0	0.0	0.0	0.0	0.0	0.0	0.0	0.0	0.0	0.0	0.0	0.0
EarlyCohort	A[T>G]A	0.039729450725921406	0.0	0.0	0.0	0.8505713874537766	0.0	0.0	0.0	0.0	0.0	0.0	0.0	0.0	0.003917630799301987	0.0	0.0	0.0	0.0	0.0	0.0	0.09305669955554409	0.0	0.0	0.0	0.0	0.0	0.0	0.0	0.0	0.0	0.0	0.0	0.0	0.0	0.0	0.0	0.0	0.0	0.0	0.0	0.0	0.0	0.0	0.0	0.0	0.0	0.0	0.0	0.0	0.0	0.0	0.0	0.0	0.0	0.0	0.0	0.0	0.0	0.0	0.0	0.0	0.0	0.0	0.0	0.0	0.012724831465455945	0.0	0.0	0.0	0.0	0.0	0.0	0.0	0.0	0.0	0.0	0.0	0.0	0.0	0.0	0.0	0.0	0.0	0.0	0.0	0.0
EarlyCohort	A[T>G]C	0.06741244916661102	0.0	0.0	0.0	0.8077614175803209	0.0	0.0	0.0	0.0	0.0	0.0	0.0	0.0	0.008484134256856153	0.0	0.0	0.0	0.0	0.0	0.0	0.11634199899621085	0.0	0.0	0.0	0.0	0.0	0.0	0.0	0.0	0.0	0.0	0.0	0.0	0.0	0.0	0.0	0.0	0.0	0.0	0.0	0.0	0.0	0.0	0.0	0.0	0.0	0.0	0.0	0.0	0.0	0.0	0.0	0.0	0.0	0.0	0.0	0.0	0.0	0.0	0.0	0.0	0.0	0.0	0.0	0.0	1.1849114343669858e-15	0.0	0.0	0.0	0.0	0.0	0.0	0.0	0.0	0.0	0.0	0.0	0.0	0.0	0.0	0.0	0.0	0.0	0.0	0.0	0.0
EarlyCohort	A[T>G]G	0.032432659835626224	0.0	0.0	0.0	0.9166596526316592	0.0	0.0	0.0	0.0	0.0	0.0	0.0	0.0	0.030935280309452768	0.0	0.0	0.0	0.0	0.0	0.0	0.019272531888530578	0.0	0.0	0.0	0.0	0.0	0.0	0.0	0.0	0.0	0.0	0.0	0.0	0.0	0.0	0.0	0.0	0.0	0.0	0.0	0.0	0.0	0.0	0.0	0.0	0.0	0.0	0.0	0.0	0.0	0.0	0.0	0.0	0.0	0.0	0.0	0.0	0.0	0.0	0.0	0.0	0.0	0.0	0.0	0.0	0.0006998753347312645	0.0	0.0	0.0	0.0	0.0	0.0	0.0	0.0	0.0	0.0	0.0	0.0	0.0	0.0	0.0	0.0	0.0	0.0	0.0	0.0
EarlyCohort	A[T>G]T	0.01070496131366552	0.0	0.0	0.0	0.44040707001280965	0.0	0.0	0.0	0.0	0.0	0.0	0.0	0.0	1.0371240178905515e-14	0.0	0.0	0.0	0.0	0.0	0.0	0.29867053942440064	0.0	0.0	0.0	0.0	0.0	0.0	0.0	0.0	0.0	0.0	0.0	0.0	0.0	0.0	0.0	0.0	0.0	0.0	0.0	0.0	0.0	0.0	0.0	0.0	0.0	0.0	0.0	0.0	0.0	0.0	0.0	0.0	0.0	0.0	0.0	0.0	0.0	0.0	0.0	0.0	0.0	0.0	0.0	0.0	0.2502174292491138	0.0	0.0	0.0	0.0	0.0	0.0	0.0	0.0	0.0	0.0	0.0	0.0	0.0	0.0	0.0	0.0	0.0	0.0	0.0	0.0
EarlyCohort	C[C>A]A	0.0069694599923264405	0.0	0.0	0.0	0.15833408448284927	0.0	0.0	0.0	0.0	0.0	0.0	0.0	0.0	0.0056883728588417865	0.0	0.0	0.0	0.0	0.0	0.0	0.8037860683193	0.0	0.0	0.0	0.0	0.0	0.0	0.0	0.0	0.0	0.0	0.0	0.0	0.0	0.0	0.0	0.0	0.0	0.0	0.0	0.0	0.0	0.0	0.0	0.0	0.0	0.0	0.0	0.0	0.0	0.0	0.0	0.0	0.0	0.0	0.0	0.0	0.0	0.0	0.0	0.0	0.0	0.0	0.0	0.0	0.025222014346682406	0.0	0.0	0.0	0.0	0.0	0.0	0.0	0.0	0.0	0.0	0.0	0.0	0.0	0.0	0.0	0.0	0.0	0.0	0.0	0.0
EarlyCohort	C[C>A]C	0.1078946813775369	0.0	0.0	0.0	0.35306595952284	0.0	0.0	0.0	0.0	0.0	0.0	0.0	0.0	0.0936869318673568	0.0	0.0	0.0	0.0	0.0	0.0	0.26203387236669445	0.0	0.0	0.0	0.0	0.0	0.0	0.0	0.0	0.0	0.0	0.0	0.0	0.0	0.0	0.0	0.0	0.0	0.0	0.0	0.0	0.0	0.0	0.0	0.0	0.0	0.0	0.0	0.0	0.0	0.0	0.0	0.0	0.0	0.0	0.0	0.0	0.0	0.0	0.0	0.0	0.0	0.0	0.0	0.0	0.1833185548655718	0.0	0.0	0.0	0.0	0.0	0.0	0.0	0.0	0.0	0.0	0.0	0.0	0.0	0.0	0.0	0.0	0.0	0.0	0.0	0.0
EarlyCohort	C[C>A]G	0.026685616020988113	0.0	0.0	0.0	0.9452681757420737	0.0	0.0	0.0	0.0	0.0	0.0	0.0	0.0	0.011729878739871566	0.0	0.0	0.0	0.0	0.0	0.0	0.01631632949706568	0.0	0.0	0.0	0.0	0.0	0.0	0.0	0.0	0.0	0.0	0.0	0.0	0.0	0.0	0.0	0.0	0.0	0.0	0.0	0.0	0.0	0.0	0.0	0.0	0.0	0.0	0.0	0.0	0.0	0.0	0.0	0.0	0.0	0.0	0.0	0.0	0.0	0.0	0.0	0.0	0.0	0.0	0.0	0.0	8.763499469656629e-16	0.0	0.0	0.0	0.0	0.0	0.0	0.0	0.0	0.0	0.0	0.0	0.0	0.0	0.0	0.0	0.0	0.0	0.0	0.0	0.0
EarlyCohort	C[C>A]T	3.3065206473156754e-15	0.0	0.0	0.0	0.0918181821918548	0.0	0.0	0.0	0.0	0.0	0.0	0.0	0.0	0.06038004897145258	0.0	0.0	0.0	0.0	0.0	0.0	0.36639073499952207	0.0	0.0	0.0	0.0	0.0	0.0	0.0	0.0	0.0	0.0	0.0	0.0	0.0	0.0	0.0	0.0	0.0	0.0	0.0	0.0	0.0	0.0	0.0	0.0	0.0	0.0	0.0	0.0	0.0	0.0	0.0	0.0	0.0	0.0	0.0	0.0	0.0	0.0	0.0	0.0	0.0	0.0	0.0	0.0	0.4814110338371672	0.0	0.0	0.0	0.0	0.0	0.0	0.0	0.0	0.0	0.0	0.0	0.0	0.0	0.0	0.0	0.0	0.0	0.0	0.0	0.0
EarlyCohort	C[C>G]A	0.0035210890723652404	0.0	0.0	0.0	0.970257092738869	0.0	0.0	0.0	0.0	0.0	0.0	0.0	0.0	0.002135597190287933	0.0	0.0	0.0	0.0	0.0	0.0	0.010514034641556824	0.0	0.0	0.0	0.0	0.0	0.0	0.0	0.0	0.0	0.0	0.0	0.0	0.0	0.0	0.0	0.0	0.0	0.0	0.0	0.0	0.0	0.0	0.0	0.0	0.0	0.0	0.0	0.0	0.0	0.0	0.0	0.0	0.0	0.0	0.0	0.0	0.0	0.0	0.0	0.0	0.0	0.0	0.0	0.0	0.013572186356920944	0.0	0.0	0.0	0.0	0.0	0.0	0.0	0.0	0.0	0.0	0.0	0.0	0.0	0.0	0.0	0.0	0.0	0.0	0.0	0.0
EarlyCohort	C[C>G]C	0.008679878074389516	0.0	0.0	0.0	0.9780866009006456	0.0	0.0	0.0	0.0	0.0	0.0	0.0	0.0	1.2265734580518246e-14	0.0	0.0	0.0	0.0	0.0	0.0	0.0016538818580577302	0.0	0.0	0.0	0.0	0.0	0.0	0.0	0.0	0.0	0.0	0.0	0.0	0.0	0.0	0.0	0.0	0.0	0.0	0.0	0.0	0.0	0.0	0.0	0.0	0.0	0.0	0.0	0.0	0.0	0.0	0.0	0.0	0.0	0.0	0.0	0.0	0.0	0.0	0.0	0.0	0.0	0.0	0.0	0.0	0.011579639166894837	0.0	0.0	0.0	0.0	0.0	0.0	0.0	0.0	0.0	0.0	0.0	0.0	0.0	0.0	0.0	0.0	0.0	0.0	0.0	0.0
EarlyCohort	C[C>G]G	0.1256715091208661	0.0	0.0	0.0	0.8480757464578431	0.0	0.0	0.0	0.0	0.0	0.0	0.0	0.0	3.873993043738085e-14	0.0	0.0	0.0	0.0	0.0	0.0	0.015424977986931694	0.0	0.0	0.0	0.0	0.0	0.0	0.0	0.0	0.0	0.0	0.0	0.0	0.0	0.0	0.0	0.0	0.0	0.0	0.0	0.0	0.0	0.0	0.0	0.0	0.0	0.0	0.0	0.0	0.0	0.0	0.0	0.0	0.0	0.0	0.0	0.0	0.0	0.0	0.0	0.0	0.0	0.0	0.0	0.0	0.010827766434320344	0.0	0.0	0.0	0.0	0.0	0.0	0.0	0.0	0.0	0.0	0.0	0.0	0.0	0.0	0.0	0.0	0.0	0.0	0.0	0.0
EarlyCohort	C[C>G]T	2.3434256994734623e-14	0.0	0.0	0.0	0.9555575397762471	0.0	0.0	0.0	0.0	0.0	0.0	0.0	0.0	1.1404795001312567e-14	0.0	0.0	0.0	0.0	0.0	0.0	0.00764374502137572	0.0	0.0	0.0	0.0	0.0	0.0	0.0	0.0	0.0	0.0	0.0	0.0	0.0	0.0	0.0	0.0	0.0	0.0	0.0	0.0	0.0	0.0	0.0	0.0	0.0	0.0	0.0	0.0	0.0	0.0	0.0	0.0	0.0	0.0	0.0	0.0	0.0	0.0	0.0	0.0	0.0	0.0	0.0	0.0	0.03679871520234231	0.0	0.0	0.0	0.0	0.0	0.0	0.0	0.0	0.0	0.0	0.0	0.0	0.0	0.0	0.0	0.0	0.0	0.0	0.0	0.0
EarlyCohort	C[C>T]A	0.06663612999801362	0.0	0.0	0.0	0.6166263235681646	0.0	0.0	0.0	0.0	0.0	0.0	0.0	0.0	0.0024590200467235475	0.0	0.0	0.0	0.0	0.0	0.0	0.3097581096375815	0.0	0.0	0.0	0.0	0.0	0.0	0.0	0.0	0.0	0.0	0.0	0.0	0.0	0.0	0.0	0.0	0.0	0.0	0.0	0.0	0.0	0.0	0.0	0.0	0.0	0.0	0.0	0.0	0.0	0.0	0.0	0.0	0.0	0.0	0.0	0.0	0.0	0.0	0.0	0.0	0.0	0.0	0.0	0.0	0.004520416749516796	0.0	0.0	0.0	0.0	0.0	0.0	0.0	0.0	0.0	0.0	0.0	0.0	0.0	0.0	0.0	0.0	0.0	0.0	0.0	0.0
EarlyCohort	C[C>T]C	0.009562963125364315	0.0	0.0	0.0	0.6419818610653846	0.0	0.0	0.0	0.0	0.0	0.0	0.0	0.0	0.00146110741962193	0.0	0.0	0.0	0.0	0.0	0.0	0.3384314556162267	0.0	0.0	0.0	0.0	0.0	0.0	0.0	0.0	0.0	0.0	0.0	0.0	0.0	0.0	0.0	0.0	0.0	0.0	0.0	0.0	0.0	0.0	0.0	0.0	0.0	0.0	0.0	0.0	0.0	0.0	0.0	0.0	0.0	0.0	0.0	0.0	0.0	0.0	0.0	0.0	0.0	0.0	0.0	0.0	0.00856261277340252	0.0	0.0	0.0	0.0	0.0	0.0	0.0	0.0	0.0	0.0	0.0	0.0	0.0	0.0	0.0	0.0	0.0	0.0	0.0	0.0
EarlyCohort	C[C>T]G	0.818469589668499	0.0	0.0	0.0	0.06971480809655205	0.0	0.0	0.0	0.0	0.0	0.0	0.0	0.0	0.007551846416601732	0.0	0.0	0.0	0.0	0.0	0.0	0.08914915863144646	0.0	0.0	0.0	0.0	0.0	0.0	0.0	0.0	0.0	0.0	0.0	0.0	0.0	0.0	0.0	0.0	0.0	0.0	0.0	0.0	0.0	0.0	0.0	0.0	0.0	0.0	0.0	0.0	0.0	0.0	0.0	0.0	0.0	0.0	0.0	0.0	0.0	0.0	0.0	0.0	0.0	0.0	0.0	0.0	0.015114597186900672	0.0	0.0	0.0	0.0	0.0	0.0	0.0	0.0	0.0	0.0	0.0	0.0	0.0	0.0	0.0	0.0	0.0	0.0	0.0	0.0
EarlyCohort	C[C>T]T	0.00541674837242437	0.0	0.0	0.0	0.6090243554982314	0.0	0.0	0.0	0.0	0.0	0.0	0.0	0.0	0.00803719220744366	0.0	0.0	0.0	0.0	0.0	0.0	0.3711298253130754	0.0	0.0	0.0	0.0	0.0	0.0	0.0	0.0	0.0	0.0	0.0	0.0	0.0	0.0	0.0	0.0	0.0	0.0	0.0	0.0	0.0	0.0	0.0	0.0	0.0	0.0	0.0	0.0	0.0	0.0	0.0	0.0	0.0	0.0	0.0	0.0	0.0	0.0	0.0	0.0	0.0	0.0	0.0	0.0	0.006391878608825054	0.0	0.0	0.0	0.0	0.0	0.0	0.0	0.0	0.0	0.0	0.0	0.0	0.0	0.0	0.0	0.0	0.0	0.0	0.0	0.0
EarlyCohort	C[T>A]A	0.010007290293096329	0.0	0.0	0.0	0.7860839374827963	0.0	0.0	0.0	0.0	0.0	0.0	0.0	0.0	0.008066450279734098	0.0	0.0	0.0	0.0	0.0	0.0	0.06973070105813504	0.0	0.0	0.0	0.0	0.0	0.0	0.0	0.0	0.0	0.0	0.0	0.0	0.0	0.0	0.0	0.0	0.0	0.0	0.0	0.0	0.0	0.0	0.0	0.0	0.0	0.0	0.0	0.0	0.0	0.0	0.0	0.0	0.0	0.0	0.0	0.0	0.0	0.0	0.0	0.0	0.0	0.0	0.0	0.0	0.12611162088623823	0.0	0.0	0.0	0.0	0.0	0.0	0.0	0.0	0.0	0.0	0.0	0.0	0.0	0.0	0.0	0.0	0.0	0.0	0.0	0.0
EarlyCohort	C[T>A]C	0.06496439713234935	0.0	0.0	0.0	0.8184468646989436	0.0	0.0	0.0	0.0	0.0	0.0	0.0	0.0	0.008564370867785507	0.0	0.0	0.0	0.0	0.0	0.0	0.0347209054464188	0.0	0.0	0.0	0.0	0.0	0.0	0.0	0.0	0.0	0.0	0.0	0.0	0.0	0.0	0.0	0.0	0.0	0.0	0.0	0.0	0.0	0.0	0.0	0.0	0.0	0.0	0.0	0.0	0.0	0.0	0.0	0.0	0.0	0.0	0.0	0.0	0.0	0.0	0.0	0.0	0.0	0.0	0.0	0.0	0.07330346185450283	0.0	0.0	0.0	0.0	0.0	0.0	0.0	0.0	0.0	0.0	0.0	0.0	0.0	0.0	0.0	0.0	0.0	0.0	0.0	0.0
EarlyCohort	C[T>A]G	0.054934450034143954	0.0	0.0	0.0	0.8103613465310061	0.0	0.0	0.0	0.0	0.0	0.0	0.0	0.0	1.839774232378199e-14	0.0	0.0	0.0	0.0	0.0	0.0	0.011965762635548082	0.0	0.0	0.0	0.0	0.0	0.0	0.0	0.0	0.0	0.0	0.0	0.0	0.0	0.0	0.0	0.0	0.0	0.0	0.0	0.0	0.0	0.0	0.0	0.0	0.0	0.0	0.0	0.0	0.0	0.0	0.0	0.0	0.0	0.0	0.0	0.0	0.0	0.0	0.0	0.0	0.0	0.0	0.0	0.0	0.12273844079928327	0.0	0.0	0.0	0.0	0.0	0.0	0.0	0.0	0.0	0.0	0.0	0.0	0.0	0.0	0.0	0.0	0.0	0.0	0.0	0.0
EarlyCohort	C[T>A]T	0.04829886099551206	0.0	0.0	0.0	0.7620312551008432	0.0	0.0	0.0	0.0	0.0	0.0	0.0	0.0	0.021246391721243017	0.0	0.0	0.0	0.0	0.0	0.0	0.1679083216954489	0.0	0.0	0.0	0.0	0.0	0.0	0.0	0.0	0.0	0.0	0.0	0.0	0.0	0.0	0.0	0.0	0.0	0.0	0.0	0.0	0.0	0.0	0.0	0.0	0.0	0.0	0.0	0.0	0.0	0.0	0.0	0.0	0.0	0.0	0.0	0.0	0.0	0.0	0.0	0.0	0.0	0.0	0.0	0.0	0.000515170486952871	0.0	0.0	0.0	0.0	0.0	0.0	0.0	0.0	0.0	0.0	0.0	0.0	0.0	0.0	0.0	0.0	0.0	0.0	0.0	0.0
EarlyCohort	C[T>C]A	1.4372411366628834e-14	0.0	0.0	0.0	0.8178884350810922	0.0	0.0	0.0	0.0	0.0	0.0	0.0	0.0	0.041589238506793656	0.0	0.0	0.0	0.0	0.0	0.0	0.04161811589039358	0.0	0.0	0.0	0.0	0.0	0.0	0.0	0.0	0.0	0.0	0.0	0.0	0.0	0.0	0.0	0.0	0.0	0.0	0.0	0.0	0.0	0.0	0.0	0.0	0.0	0.0	0.0	0.0	0.0	0.0	0.0	0.0	0.0	0.0	0.0	0.0	0.0	0.0	0.0	0.0	0.0	0.0	0.0	0.0	0.09890421052170607	0.0	0.0	0.0	0.0	0.0	0.0	0.0	0.0	0.0	0.0	0.0	0.0	0.0	0.0	0.0	0.0	0.0	0.0	0.0	0.0
EarlyCohort	C[T>C]C	0.16092932313041566	0.0	0.0	0.0	0.6386589594794999	0.0	0.0	0.0	0.0	0.0	0.0	0.0	0.0	0.003901403920455085	0.0	0.0	0.0	0.0	0.0	0.0	0.11913862353071172	0.0	0.0	0.0	0.0	0.0	0.0	0.0	0.0	0.0	0.0	0.0	0.0	0.0	0.0	0.0	0.0	0.0	0.0	0.0	0.0	0.0	0.0	0.0	0.0	0.0	0.0	0.0	0.0	0.0	0.0	0.0	0.0	0.0	0.0	0.0	0.0	0.0	0.0	0.0	0.0	0.0	0.0	0.0	0.0	0.0773716899389176	0.0	0.0	0.0	0.0	0.0	0.0	0.0	0.0	0.0	0.0	0.0	0.0	0.0	0.0	0.0	0.0	0.0	0.0	0.0	0.0
EarlyCohort	C[T>C]G	0.016642970743403318	0.0	0.0	0.0	0.9173437817896324	0.0	0.0	0.0	0.0	0.0	0.0	0.0	0.0	0.0005716890220375002	0.0	0.0	0.0	0.0	0.0	0.0	0.05531745652278492	0.0	0.0	0.0	0.0	0.0	0.0	0.0	0.0	0.0	0.0	0.0	0.0	0.0	0.0	0.0	0.0	0.0	0.0	0.0	0.0	0.0	0.0	0.0	0.0	0.0	0.0	0.0	0.0	0.0	0.0	0.0	0.0	0.0	0.0	0.0	0.0	0.0	0.0	0.0	0.0	0.0	0.0	0.0	0.0	0.01012410192214196	0.0	0.0	0.0	0.0	0.0	0.0	0.0	0.0	0.0	0.0	0.0	0.0	0.0	0.0	0.0	0.0	0.0	0.0	0.0	0.0
EarlyCohort	C[T>C]T	0.002620181179138152	0.0	0.0	0.0	0.8744311877295902	0.0	0.0	0.0	0.0	0.0	0.0	0.0	0.0	0.024505392011539198	0.0	0.0	0.0	0.0	0.0	0.0	0.0926735890685205	0.0	0.0	0.0	0.0	0.0	0.0	0.0	0.0	0.0	0.0	0.0	0.0	0.0	0.0	0.0	0.0	0.0	0.0	0.0	0.0	0.0	0.0	0.0	0.0	0.0	0.0	0.0	0.0	0.0	0.0	0.0	0.0	0.0	0.0	0.0	0.0	0.0	0.0	0.0	0.0	0.0	0.0	0.0	0.0	0.005769650011212002	0.0	0.0	0.0	0.0	0.0	0.0	0.0	0.0	0.0	0.0	0.0	0.0	0.0	0.0	0.0	0.0	0.0	0.0	0.0	0.0
EarlyCohort	C[T>G]A	0.006519365420679907	0.0	0.0	0.0	0.45383120401800553	0.0	0.0	0.0	0.0	0.0	0.0	0.0	0.0	0.020379112778404453	0.0	0.0	0.0	0.0	0.0	0.0	0.032571675633329626	0.0	0.0	0.0	0.0	0.0	0.0	0.0	0.0	0.0	0.0	0.0	0.0	0.0	0.0	0.0	0.0	0.0	0.0	0.0	0.0	0.0	0.0	0.0	0.0	0.0	0.0	0.0	0.0	0.0	0.0	0.0	0.0	0.0	0.0	0.0	0.0	0.0	0.0	0.0	0.0	0.0	0.0	0.0	0.0	0.4866986421495805	0.0	0.0	0.0	0.0	0.0	0.0	0.0	0.0	0.0	0.0	0.0	0.0	0.0	0.0	0.0	0.0	0.0	0.0	0.0	0.0
EarlyCohort	C[T>G]C	0.03994522202678973	0.0	0.0	0.0	0.8286472306998482	0.0	0.0	0.0	0.0	0.0	0.0	0.0	0.0	0.10590857429925983	0.0	0.0	0.0	0.0	0.0	0.0	0.02546525273371775	0.0	0.0	0.0	0.0	0.0	0.0	0.0	0.0	0.0	0.0	0.0	0.0	0.0	0.0	0.0	0.0	0.0	0.0	0.0	0.0	0.0	0.0	0.0	0.0	0.0	0.0	0.0	0.0	0.0	0.0	0.0	0.0	0.0	0.0	0.0	0.0	0.0	0.0	0.0	0.0	0.0	0.0	0.0	0.0	3.372024038448765e-05	0.0	0.0	0.0	0.0	0.0	0.0	0.0	0.0	0.0	0.0	0.0	0.0	0.0	0.0	0.0	0.0	0.0	0.0	0.0	0.0
EarlyCohort	C[T>G]G	0.015111837929893086	0.0	0.0	0.0	0.6904104870630914	0.0	0.0	0.0	0.0	0.0	0.0	0.0	0.0	0.02764054726818809	0.0	0.0	0.0	0.0	0.0	0.0	0.02764355834036911	0.0	0.0	0.0	0.0	0.0	0.0	0.0	0.0	0.0	0.0	0.0	0.0	0.0	0.0	0.0	0.0	0.0	0.0	0.0	0.0	0.0	0.0	0.0	0.0	0.0	0.0	0.0	0.0	0.0	0.0	0.0	0.0	0.0	0.0	0.0	0.0	0.0	0.0	0.0	0.0	0.0	0.0	0.0	0.0	0.23919356939845846	0.0	0.0	0.0	0.0	0.0	0.0	0.0	0.0	0.0	0.0	0.0	0.0	0.0	0.0	0.0	0.0	0.0	0.0	0.0	0.0
EarlyCohort	C[T>G]T	0.014448860657252191	0.0	0.0	0.0	0.5884394554205892	0.0	0.0	0.0	0.0	0.0	0.0	0.0	0.0	0.21599570609327856	0.0	0.0	0.0	0.0	0.0	0.0	0.18111597782887978	0.0	0.0	0.0	0.0	0.0	0.0	0.0	0.0	0.0	0.0	0.0	0.0	0.0	0.0	0.0	0.0	0.0	0.0	0.0	0.0	0.0	0.0	0.0	0.0	0.0	0.0	0.0	0.0	0.0	0.0	0.0	0.0	0.0	0.0	0.0	0.0	0.0	0.0	0.0	0.0	0.0	0.0	0.0	0.0	2.6087830994219535e-16	0.0	0.0	0.0	0.0	0.0	0.0	0.0	0.0	0.0	0.0	0.0	0.0	0.0	0.0	0.0	0.0	0.0	0.0	0.0	0.0
EarlyCohort	G[C>A]A	0.11500926055880972	0.0	0.0	0.0	0.7082988830224567	0.0	0.0	0.0	0.0	0.0	0.0	0.0	0.0	0.026007486808611303	0.0	0.0	0.0	0.0	0.0	0.0	0.14349287091817708	0.0	0.0	0.0	0.0	0.0	0.0	0.0	0.0	0.0	0.0	0.0	0.0	0.0	0.0	0.0	0.0	0.0	0.0	0.0	0.0	0.0	0.0	0.0	0.0	0.0	0.0	0.0	0.0	0.0	0.0	0.0	0.0	0.0	0.0	0.0	0.0	0.0	0.0	0.0	0.0	0.0	0.0	0.0	0.0	0.007191498691945172	0.0	0.0	0.0	0.0	0.0	0.0	0.0	0.0	0.0	0.0	0.0	0.0	0.0	0.0	0.0	0.0	0.0	0.0	0.0	0.0
EarlyCohort	G[C>A]C	0.023593105546360613	0.0	0.0	0.0	0.5079109849400683	0.0	0.0	0.0	0.0	0.0	0.0	0.0	0.0	0.08674227048275	0.0	0.0	0.0	0.0	0.0	0.0	0.14917773563637146	0.0	0.0	0.0	0.0	0.0	0.0	0.0	0.0	0.0	0.0	0.0	0.0	0.0	0.0	0.0	0.0	0.0	0.0	0.0	0.0	0.0	0.0	0.0	0.0	0.0	0.0	0.0	0.0	0.0	0.0	0.0	0.0	0.0	0.0	0.0	0.0	0.0	0.0	0.0	0.0	0.0	0.0	0.0	0.0	0.2325759033944496	0.0	0.0	0.0	0.0	0.0	0.0	0.0	0.0	0.0	0.0	0.0	0.0	0.0	0.0	0.0	0.0	0.0	0.0	0.0	0.0
EarlyCohort	G[C>A]G	0.1826839506174559	0.0	0.0	0.0	0.6947344431918313	0.0	0.0	0.0	0.0	0.0	0.0	0.0	0.0	0.012960242684234534	0.0	0.0	0.0	0.0	0.0	0.0	0.10823392092639399	0.0	0.0	0.0	0.0	0.0	0.0	0.0	0.0	0.0	0.0	0.0	0.0	0.0	0.0	0.0	0.0	0.0	0.0	0.0	0.0	0.0	0.0	0.0	0.0	0.0	0.0	0.0	0.0	0.0	0.0	0.0	0.0	0.0	0.0	0.0	0.0	0.0	0.0	0.0	0.0	0.0	0.0	0.0	0.0	0.0013874425800841205	0.0	0.0	0.0	0.0	0.0	0.0	0.0	0.0	0.0	0.0	0.0	0.0	0.0	0.0	0.0	0.0	0.0	0.0	0.0	0.0
EarlyCohort	G[C>A]T	7.264954454753428e-15	0.0	0.0	0.0	0.21199715134726685	0.0	0.0	0.0	0.0	0.0	0.0	0.0	0.0	0.044593154855821576	0.0	0.0	0.0	0.0	0.0	0.0	0.5104998646735587	0.0	0.0	0.0	0.0	0.0	0.0	0.0	0.0	0.0	0.0	0.0	0.0	0.0	0.0	0.0	0.0	0.0	0.0	0.0	0.0	0.0	0.0	0.0	0.0	0.0	0.0	0.0	0.0	0.0	0.0	0.0	0.0	0.0	0.0	0.0	0.0	0.0	0.0	0.0	0.0	0.0	0.0	0.0	0.0	0.2329098291233458	0.0	0.0	0.0	0.0	0.0	0.0	0.0	0.0	0.0	0.0	0.0	0.0	0.0	0.0	0.0	0.0	0.0	0.0	0.0	0.0
EarlyCohort	G[C>G]A	0.0017679360943617588	0.0	0.0	0.0	0.823211494939328	0.0	0.0	0.0	0.0	0.0	0.0	0.0	0.0	0.0015501173806822216	0.0	0.0	0.0	0.0	0.0	0.0	0.15777222494733872	0.0	0.0	0.0	0.0	0.0	0.0	0.0	0.0	0.0	0.0	0.0	0.0	0.0	0.0	0.0	0.0	0.0	0.0	0.0	0.0	0.0	0.0	0.0	0.0	0.0	0.0	0.0	0.0	0.0	0.0	0.0	0.0	0.0	0.0	0.0	0.0	0.0	0.0	0.0	0.0	0.0	0.0	0.0	0.0	0.015698226638289518	0.0	0.0	0.0	0.0	0.0	0.0	0.0	0.0	0.0	0.0	0.0	0.0	0.0	0.0	0.0	0.0	0.0	0.0	0.0	0.0
EarlyCohort	G[C>G]C	0.029052984903484548	0.0	0.0	0.0	0.8585220445348684	0.0	0.0	0.0	0.0	0.0	0.0	0.0	0.0	0.011775810992497077	0.0	0.0	0.0	0.0	0.0	0.0	0.09271920662280246	0.0	0.0	0.0	0.0	0.0	0.0	0.0	0.0	0.0	0.0	0.0	0.0	0.0	0.0	0.0	0.0	0.0	0.0	0.0	0.0	0.0	0.0	0.0	0.0	0.0	0.0	0.0	0.0	0.0	0.0	0.0	0.0	0.0	0.0	0.0	0.0	0.0	0.0	0.0	0.0	0.0	0.0	0.0	0.0	0.007929952946347551	0.0	0.0	0.0	0.0	0.0	0.0	0.0	0.0	0.0	0.0	0.0	0.0	0.0	0.0	0.0	0.0	0.0	0.0	0.0	0.0
EarlyCohort	G[C>G]G	0.10261039380848971	0.0	0.0	0.0	0.8904344769812408	0.0	0.0	0.0	0.0	0.0	0.0	0.0	0.0	6.707312797776179e-14	0.0	0.0	0.0	0.0	0.0	0.0	0.005373186727213565	0.0	0.0	0.0	0.0	0.0	0.0	0.0	0.0	0.0	0.0	0.0	0.0	0.0	0.0	0.0	0.0	0.0	0.0	0.0	0.0	0.0	0.0	0.0	0.0	0.0	0.0	0.0	0.0	0.0	0.0	0.0	0.0	0.0	0.0	0.0	0.0	0.0	0.0	0.0	0.0	0.0	0.0	0.0	0.0	0.0015819424829888126	0.0	0.0	0.0	0.0	0.0	0.0	0.0	0.0	0.0	0.0	0.0	0.0	0.0	0.0	0.0	0.0	0.0	0.0	0.0	0.0
EarlyCohort	G[C>G]T	3.252509190268303e-14	0.0	0.0	0.0	0.9351915198206948	0.0	0.0	0.0	0.0	0.0	0.0	0.0	0.0	0.008056986012692412	0.0	0.0	0.0	0.0	0.0	0.0	0.056635242633380704	0.0	0.0	0.0	0.0	0.0	0.0	0.0	0.0	0.0	0.0	0.0	0.0	0.0	0.0	0.0	0.0	0.0	0.0	0.0	0.0	0.0	0.0	0.0	0.0	0.0	0.0	0.0	0.0	0.0	0.0	0.0	0.0	0.0	0.0	0.0	0.0	0.0	0.0	0.0	0.0	0.0	0.0	0.0	0.0	0.00011625153319956344	0.0	0.0	0.0	0.0	0.0	0.0	0.0	0.0	0.0	0.0	0.0	0.0	0.0	0.0	0.0	0.0	0.0	0.0	0.0	0.0
EarlyCohort	G[C>T]A	0.05128654066844332	0.0	0.0	0.0	0.21377781696010478	0.0	0.0	0.0	0.0	0.0	0.0	0.0	0.0	0.002049425305591	0.0	0.0	0.0	0.0	0.0	0.0	0.7328362991492008	0.0	0.0	0.0	0.0	0.0	0.0	0.0	0.0	0.0	0.0	0.0	0.0	0.0	0.0	0.0	0.0	0.0	0.0	0.0	0.0	0.0	0.0	0.0	0.0	0.0	0.0	0.0	0.0	0.0	0.0	0.0	0.0	0.0	0.0	0.0	0.0	0.0	0.0	0.0	0.0	0.0	0.0	0.0	0.0	4.991791666008416e-05	0.0	0.0	0.0	0.0	0.0	0.0	0.0	0.0	0.0	0.0	0.0	0.0	0.0	0.0	0.0	0.0	0.0	0.0	0.0	0.0
EarlyCohort	G[C>T]C	0.0006657967684207302	0.0	0.0	0.0	0.1478649005782694	0.0	0.0	0.0	0.0	0.0	0.0	0.0	0.0	0.05296058441766325	0.0	0.0	0.0	0.0	0.0	0.0	0.796855597783432	0.0	0.0	0.0	0.0	0.0	0.0	0.0	0.0	0.0	0.0	0.0	0.0	0.0	0.0	0.0	0.0	0.0	0.0	0.0	0.0	0.0	0.0	0.0	0.0	0.0	0.0	0.0	0.0	0.0	0.0	0.0	0.0	0.0	0.0	0.0	0.0	0.0	0.0	0.0	0.0	0.0	0.0	0.0	0.0	0.0016531204522146567	0.0	0.0	0.0	0.0	0.0	0.0	0.0	0.0	0.0	0.0	0.0	0.0	0.0	0.0	0.0	0.0	0.0	0.0	0.0	0.0
EarlyCohort	G[C>T]G	0.45867581594228707	0.0	0.0	0.0	0.0246885137118313	0.0	0.0	0.0	0.0	0.0	0.0	0.0	0.0	0.012957609234637834	0.0	0.0	0.0	0.0	0.0	0.0	0.5017047319195308	0.0	0.0	0.0	0.0	0.0	0.0	0.0	0.0	0.0	0.0	0.0	0.0	0.0	0.0	0.0	0.0	0.0	0.0	0.0	0.0	0.0	0.0	0.0	0.0	0.0	0.0	0.0	0.0	0.0	0.0	0.0	0.0	0.0	0.0	0.0	0.0	0.0	0.0	0.0	0.0	0.0	0.0	0.0	0.0	0.0019733291917130415	0.0	0.0	0.0	0.0	0.0	0.0	0.0	0.0	0.0	0.0	0.0	0.0	0.0	0.0	0.0	0.0	0.0	0.0	0.0	0.0
EarlyCohort	G[C>T]T	0.0003831330883065631	0.0	0.0	0.0	0.17707164471274386	0.0	0.0	0.0	0.0	0.0	0.0	0.0	0.0	0.1555934164636293	0.0	0.0	0.0	0.0	0.0	0.0	0.663180804869695	0.0	0.0	0.0	0.0	0.0	0.0	0.0	0.0	0.0	0.0	0.0	0.0	0.0	0.0	0.0	0.0	0.0	0.0	0.0	0.0	0.0	0.0	0.0	0.0	0.0	0.0	0.0	0.0	0.0	0.0	0.0	0.0	0.0	0.0	0.0	0.0	0.0	0.0	0.0	0.0	0.0	0.0	0.0	0.0	0.003771000865625333	0.0	0.0	0.0	0.0	0.0	0.0	0.0	0.0	0.0	0.0	0.0	0.0	0.0	0.0	0.0	0.0	0.0	0.0	0.0	0.0
EarlyCohort	G[T>A]A	0.01926839286695312	0.0	0.0	0.0	0.8309466577328387	0.0	0.0	0.0	0.0	0.0	0.0	0.0	0.0	2.5753165655856983e-14	0.0	0.0	0.0	0.0	0.0	0.0	0.10440135830859594	0.0	0.0	0.0	0.0	0.0	0.0	0.0	0.0	0.0	0.0	0.0	0.0	0.0	0.0	0.0	0.0	0.0	0.0	0.0	0.0	0.0	0.0	0.0	0.0	0.0	0.0	0.0	0.0	0.0	0.0	0.0	0.0	0.0	0.0	0.0	0.0	0.0	0.0	0.0	0.0	0.0	0.0	0.0	0.0	0.04538359109158653	0.0	0.0	0.0	0.0	0.0	0.0	0.0	0.0	0.0	0.0	0.0	0.0	0.0	0.0	0.0	0.0	0.0	0.0	0.0	0.0
EarlyCohort	G[T>A]C	0.02834379681400388	0.0	0.0	0.0	0.6099601983191905	0.0	0.0	0.0	0.0	0.0	0.0	0.0	0.0	0.01320921848305119	0.0	0.0	0.0	0.0	0.0	0.0	0.11140437269068268	0.0	0.0	0.0	0.0	0.0	0.0	0.0	0.0	0.0	0.0	0.0	0.0	0.0	0.0	0.0	0.0	0.0	0.0	0.0	0.0	0.0	0.0	0.0	0.0	0.0	0.0	0.0	0.0	0.0	0.0	0.0	0.0	0.0	0.0	0.0	0.0	0.0	0.0	0.0	0.0	0.0	0.0	0.0	0.0	0.23708241369307176	0.0	0.0	0.0	0.0	0.0	0.0	0.0	0.0	0.0	0.0	0.0	0.0	0.0	0.0	0.0	0.0	0.0	0.0	0.0	0.0
EarlyCohort	G[T>A]G	0.05434850554851414	0.0	0.0	0.0	0.8662320878102362	0.0	0.0	0.0	0.0	0.0	0.0	0.0	0.0	2.3972646742214012e-14	0.0	0.0	0.0	0.0	0.0	0.0	0.035564153722332154	0.0	0.0	0.0	0.0	0.0	0.0	0.0	0.0	0.0	0.0	0.0	0.0	0.0	0.0	0.0	0.0	0.0	0.0	0.0	0.0	0.0	0.0	0.0	0.0	0.0	0.0	0.0	0.0	0.0	0.0	0.0	0.0	0.0	0.0	0.0	0.0	0.0	0.0	0.0	0.0	0.0	0.0	0.0	0.0	0.04385525291889371	0.0	0.0	0.0	0.0	0.0	0.0	0.0	0.0	0.0	0.0	0.0	0.0	0.0	0.0	0.0	0.0	0.0	0.0	0.0	0.0
EarlyCohort	G[T>A]T	0.039385790826038894	0.0	0.0	0.0	0.46893854115858663	0.0	0.0	0.0	0.0	0.0	0.0	0.0	0.0	0.008058353876132558	0.0	0.0	0.0	0.0	0.0	0.0	0.11038700113886185	0.0	0.0	0.0	0.0	0.0	0.0	0.0	0.0	0.0	0.0	0.0	0.0	0.0	0.0	0.0	0.0	0.0	0.0	0.0	0.0	0.0	0.0	0.0	0.0	0.0	0.0	0.0	0.0	0.0	0.0	0.0	0.0	0.0	0.0	0.0	0.0	0.0	0.0	0.0	0.0	0.0	0.0	0.0	0.0	0.37323031300038	0.0	0.0	0.0	0.0	0.0	0.0	0.0	0.0	0.0	0.0	0.0	0.0	0.0	0.0	0.0	0.0	0.0	0.0	0.0	0.0
EarlyCohort	G[T>C]A	0.031699830522589414	0.0	0.0	0.0	0.4060948454706777	0.0	0.0	0.0	0.0	0.0	0.0	0.0	0.0	0.21691528119987752	0.0	0.0	0.0	0.0	0.0	0.0	0.3352560524387288	0.0	0.0	0.0	0.0	0.0	0.0	0.0	0.0	0.0	0.0	0.0	0.0	0.0	0.0	0.0	0.0	0.0	0.0	0.0	0.0	0.0	0.0	0.0	0.0	0.0	0.0	0.0	0.0	0.0	0.0	0.0	0.0	0.0	0.0	0.0	0.0	0.0	0.0	0.0	0.0	0.0	0.0	0.0	0.0	0.010033990368126511	0.0	0.0	0.0	0.0	0.0	0.0	0.0	0.0	0.0	0.0	0.0	0.0	0.0	0.0	0.0	0.0	0.0	0.0	0.0	0.0
EarlyCohort	G[T>C]C	0.0860590160699588	0.0	0.0	0.0	0.34308669178538165	0.0	0.0	0.0	0.0	0.0	0.0	0.0	0.0	0.11799810523028778	0.0	0.0	0.0	0.0	0.0	0.0	0.45229310008339235	0.0	0.0	0.0	0.0	0.0	0.0	0.0	0.0	0.0	0.0	0.0	0.0	0.0	0.0	0.0	0.0	0.0	0.0	0.0	0.0	0.0	0.0	0.0	0.0	0.0	0.0	0.0	0.0	0.0	0.0	0.0	0.0	0.0	0.0	0.0	0.0	0.0	0.0	0.0	0.0	0.0	0.0	0.0	0.0	0.0005630868309793853	0.0	0.0	0.0	0.0	0.0	0.0	0.0	0.0	0.0	0.0	0.0	0.0	0.0	0.0	0.0	0.0	0.0	0.0	0.0	0.0
EarlyCohort	G[T>C]G	0.05311561898377199	0.0	0.0	0.0	0.6496330175761066	0.0	0.0	0.0	0.0	0.0	0.0	0.0	0.0	0.030621077920499975	0.0	0.0	0.0	0.0	0.0	0.0	0.2325264494497341	0.0	0.0	0.0	0.0	0.0	0.0	0.0	0.0	0.0	0.0	0.0	0.0	0.0	0.0	0.0	0.0	0.0	0.0	0.0	0.0	0.0	0.0	0.0	0.0	0.0	0.0	0.0	0.0	0.0	0.0	0.0	0.0	0.0	0.0	0.0	0.0	0.0	0.0	0.0	0.0	0.0	0.0	0.0	0.0	0.034103836069887324	0.0	0.0	0.0	0.0	0.0	0.0	0.0	0.0	0.0	0.0	0.0	0.0	0.0	0.0	0.0	0.0	0.0	0.0	0.0	0.0
EarlyCohort	G[T>C]T	0.002853681798364506	0.0	0.0	0.0	0.5231837324879325	0.0	0.0	0.0	0.0	0.0	0.0	0.0	0.0	0.22500696363849507	0.0	0.0	0.0	0.0	0.0	0.0	0.2019341928925651	0.0	0.0	0.0	0.0	0.0	0.0	0.0	0.0	0.0	0.0	0.0	0.0	0.0	0.0	0.0	0.0	0.0	0.0	0.0	0.0	0.0	0.0	0.0	0.0	0.0	0.0	0.0	0.0	0.0	0.0	0.0	0.0	0.0	0.0	0.0	0.0	0.0	0.0	0.0	0.0	0.0	0.0	0.0	0.0	0.04702142918264274	0.0	0.0	0.0	0.0	0.0	0.0	0.0	0.0	0.0	0.0	0.0	0.0	0.0	0.0	0.0	0.0	0.0	0.0	0.0	0.0
EarlyCohort	G[T>G]A	7.923583008292447e-14	0.0	0.0	0.0	0.8543481973227548	0.0	0.0	0.0	0.0	0.0	0.0	0.0	0.0	0.08354946793958873	0.0	0.0	0.0	0.0	0.0	0.0	0.06210233473757602	0.0	0.0	0.0	0.0	0.0	0.0	0.0	0.0	0.0	0.0	0.0	0.0	0.0	0.0	0.0	0.0	0.0	0.0	0.0	0.0	0.0	0.0	0.0	0.0	0.0	0.0	0.0	0.0	0.0	0.0	0.0	0.0	0.0	0.0	0.0	0.0	0.0	0.0	0.0	0.0	0.0	0.0	0.0	0.0	1.0875093344767956e-15	0.0	0.0	0.0	0.0	0.0	0.0	0.0	0.0	0.0	0.0	0.0	0.0	0.0	0.0	0.0	0.0	0.0	0.0	0.0	0.0
EarlyCohort	G[T>G]C	8.603746505870626e-14	0.0	0.0	0.0	0.6295010679177361	0.0	0.0	0.0	0.0	0.0	0.0	0.0	0.0	0.17767070924742664	0.0	0.0	0.0	0.0	0.0	0.0	0.19266673298671272	0.0	0.0	0.0	0.0	0.0	0.0	0.0	0.0	0.0	0.0	0.0	0.0	0.0	0.0	0.0	0.0	0.0	0.0	0.0	0.0	0.0	0.0	0.0	0.0	0.0	0.0	0.0	0.0	0.0	0.0	0.0	0.0	0.0	0.0	0.0	0.0	0.0	0.0	0.0	0.0	0.0	0.0	0.0	0.0	0.00016148984803839614	0.0	0.0	0.0	0.0	0.0	0.0	0.0	0.0	0.0	0.0	0.0	0.0	0.0	0.0	0.0	0.0	0.0	0.0	0.0	0.0
EarlyCohort	G[T>G]G	0.053142860373714754	0.0	0.0	0.0	0.7721146667244085	0.0	0.0	0.0	0.0	0.0	0.0	0.0	0.0	0.12912685593789855	0.0	0.0	0.0	0.0	0.0	0.0	0.04561561696397772	0.0	0.0	0.0	0.0	0.0	0.0	0.0	0.0	0.0	0.0	0.0	0.0	0.0	0.0	0.0	0.0	0.0	0.0	0.0	0.0	0.0	0.0	0.0	0.0	0.0	0.0	0.0	0.0	0.0	0.0	0.0	0.0	0.0	0.0	0.0	0.0	0.0	0.0	0.0	0.0	0.0	0.0	0.0	0.0	4.673094455087275e-16	0.0	0.0	0.0	0.0	0.0	0.0	0.0	0.0	0.0	0.0	0.0	0.0	0.0	0.0	0.0	0.0	0.0	0.0	0.0	0.0
EarlyCohort	G[T>G]T	0.0024220129182252826	0.0	0.0	0.0	0.3719709975040788	0.0	0.0	0.0	0.0	0.0	0.0	0.0	0.0	0.41846142019528326	0.0	0.0	0.0	0.0	0.0	0.0	0.1985338911896516	0.0	0.0	0.0	0.0	0.0	0.0	0.0	0.0	0.0	0.0	0.0	0.0	0.0	0.0	0.0	0.0	0.0	0.0	0.0	0.0	0.0	0.0	0.0	0.0	0.0	0.0	0.0	0.0	0.0	0.0	0.0	0.0	0.0	0.0	0.0	0.0	0.0	0.0	0.0	0.0	0.0	0.0	0.0	0.0	0.00861167819276095	0.0	0.0	0.0	0.0	0.0	0.0	0.0	0.0	0.0	0.0	0.0	0.0	0.0	0.0	0.0	0.0	0.0	0.0	0.0	0.0
EarlyCohort	T[C>A]A	0.0005379443960828269	0.0	0.0	0.0	0.06131287173217863	0.0	0.0	0.0	0.0	0.0	0.0	0.0	0.0	0.0017824965330098925	0.0	0.0	0.0	0.0	0.0	0.0	0.12106988596510986	0.0	0.0	0.0	0.0	0.0	0.0	0.0	0.0	0.0	0.0	0.0	0.0	0.0	0.0	0.0	0.0	0.0	0.0	0.0	0.0	0.0	0.0	0.0	0.0	0.0	0.0	0.0	0.0	0.0	0.0	0.0	0.0	0.0	0.0	0.0	0.0	0.0	0.0	0.0	0.0	0.0	0.0	0.0	0.0	0.8152968013736188	0.0	0.0	0.0	0.0	0.0	0.0	0.0	0.0	0.0	0.0	0.0	0.0	0.0	0.0	0.0	0.0	0.0	0.0	0.0	0.0
EarlyCohort	T[C>A]C	0.10477686740578888	0.0	0.0	0.0	0.36228868843605977	0.0	0.0	0.0	0.0	0.0	0.0	0.0	0.0	0.07691898486510539	0.0	0.0	0.0	0.0	0.0	0.0	0.20712864490867472	0.0	0.0	0.0	0.0	0.0	0.0	0.0	0.0	0.0	0.0	0.0	0.0	0.0	0.0	0.0	0.0	0.0	0.0	0.0	0.0	0.0	0.0	0.0	0.0	0.0	0.0	0.0	0.0	0.0	0.0	0.0	0.0	0.0	0.0	0.0	0.0	0.0	0.0	0.0	0.0	0.0	0.0	0.0	0.0	0.2488868143843712	0.0	0.0	0.0	0.0	0.0	0.0	0.0	0.0	0.0	0.0	0.0	0.0	0.0	0.0	0.0	0.0	0.0	0.0	0.0	0.0
EarlyCohort	T[C>A]G	4.435907048600792e-14	0.0	0.0	0.0	0.43653897850831047	0.0	0.0	0.0	0.0	0.0	0.0	0.0	0.0	0.05572041164964638	0.0	0.0	0.0	0.0	0.0	0.0	0.01316761352207251	0.0	0.0	0.0	0.0	0.0	0.0	0.0	0.0	0.0	0.0	0.0	0.0	0.0	0.0	0.0	0.0	0.0	0.0	0.0	0.0	0.0	0.0	0.0	0.0	0.0	0.0	0.0	0.0	0.0	0.0	0.0	0.0	0.0	0.0	0.0	0.0	0.0	0.0	0.0	0.0	0.0	0.0	0.0	0.0	0.49457299631992624	0.0	0.0	0.0	0.0	0.0	0.0	0.0	0.0	0.0	0.0	0.0	0.0	0.0	0.0	0.0	0.0	0.0	0.0	0.0	0.0
EarlyCohort	T[C>A]T	2.429729568666489e-05	0.0	0.0	0.0	0.05007281250086541	0.0	0.0	0.0	0.0	0.0	0.0	0.0	0.0	0.16483630539177133	0.0	0.0	0.0	0.0	0.0	0.0	0.028639979551332188	0.0	0.0	0.0	0.0	0.0	0.0	0.0	0.0	0.0	0.0	0.0	0.0	0.0	0.0	0.0	0.0	0.0	0.0	0.0	0.0	0.0	0.0	0.0	0.0	0.0	0.0	0.0	0.0	0.0	0.0	0.0	0.0	0.0	0.0	0.0	0.0	0.0	0.0	0.0	0.0	0.0	0.0	0.0	0.0	0.7564266052603444	0.0	0.0	0.0	0.0	0.0	0.0	0.0	0.0	0.0	0.0	0.0	0.0	0.0	0.0	0.0	0.0	0.0	0.0	0.0	0.0
EarlyCohort	T[C>G]A	2.735947165285228e-14	0.0	0.0	0.0	0.9142637378716267	0.0	0.0	0.0	0.0	0.0	0.0	0.0	0.0	1.3315086781505875e-14	0.0	0.0	0.0	0.0	0.0	0.0	0.022605447920396905	0.0	0.0	0.0	0.0	0.0	0.0	0.0	0.0	0.0	0.0	0.0	0.0	0.0	0.0	0.0	0.0	0.0	0.0	0.0	0.0	0.0	0.0	0.0	0.0	0.0	0.0	0.0	0.0	0.0	0.0	0.0	0.0	0.0	0.0	0.0	0.0	0.0	0.0	0.0	0.0	0.0	0.0	0.0	0.0	0.06313081420793581	0.0	0.0	0.0	0.0	0.0	0.0	0.0	0.0	0.0	0.0	0.0	0.0	0.0	0.0	0.0	0.0	0.0	0.0	0.0	0.0
EarlyCohort	T[C>G]C	0.02657139127979235	0.0	0.0	0.0	0.9490136428700895	0.0	0.0	0.0	0.0	0.0	0.0	0.0	0.0	1.4203075769430307e-14	0.0	0.0	0.0	0.0	0.0	0.0	0.006894389657800295	0.0	0.0	0.0	0.0	0.0	0.0	0.0	0.0	0.0	0.0	0.0	0.0	0.0	0.0	0.0	0.0	0.0	0.0	0.0	0.0	0.0	0.0	0.0	0.0	0.0	0.0	0.0	0.0	0.0	0.0	0.0	0.0	0.0	0.0	0.0	0.0	0.0	0.0	0.0	0.0	0.0	0.0	0.0	0.0	0.017520576192303603	0.0	0.0	0.0	0.0	0.0	0.0	0.0	0.0	0.0	0.0	0.0	0.0	0.0	0.0	0.0	0.0	0.0	0.0	0.0	0.0
EarlyCohort	T[C>G]G	0.03878213482786678	0.0	0.0	0.0	0.9117714086886755	0.0	0.0	0.0	0.0	0.0	0.0	0.0	0.0	6.064756930313024e-14	0.0	0.0	0.0	0.0	0.0	0.0	0.028092361330676486	0.0	0.0	0.0	0.0	0.0	0.0	0.0	0.0	0.0	0.0	0.0	0.0	0.0	0.0	0.0	0.0	0.0	0.0	0.0	0.0	0.0	0.0	0.0	0.0	0.0	0.0	0.0	0.0	0.0	0.0	0.0	0.0	0.0	0.0	0.0	0.0	0.0	0.0	0.0	0.0	0.0	0.0	0.0	0.0	0.021354095152720604	0.0	0.0	0.0	0.0	0.0	0.0	0.0	0.0	0.0	0.0	0.0	0.0	0.0	0.0	0.0	0.0	0.0	0.0	0.0	0.0
EarlyCohort	T[C>G]T	0.11269311853004685	0.0	0.0	0.0	0.8614366029477466	0.0	0.0	0.0	0.0	0.0	0.0	0.0	0.0	0.0015324051527992634	0.0	0.0	0.0	0.0	0.0	0.0	0.010820328258693392	0.0	0.0	0.0	0.0	0.0	0.0	0.0	0.0	0.0	0.0	0.0	0.0	0.0	0.0	0.0	0.0	0.0	0.0	0.0	0.0	0.0	0.0	0.0	0.0	0.0	0.0	0.0	0.0	0.0	0.0	0.0	0.0	0.0	0.0	0.0	0.0	0.0	0.0	0.0	0.0	0.0	0.0	0.0	0.0	0.01351754511071396	0.0	0.0	0.0	0.0	0.0	0.0	0.0	0.0	0.0	0.0	0.0	0.0	0.0	0.0	0.0	0.0	0.0	0.0	0.0	0.0
EarlyCohort	T[C>T]A	0.024824806403070755	0.0	0.0	0.0	0.4331112831689701	0.0	0.0	0.0	0.0	0.0	0.0	0.0	0.0	0.029842184174074807	0.0	0.0	0.0	0.0	0.0	0.0	0.5101852660842223	0.0	0.0	0.0	0.0	0.0	0.0	0.0	0.0	0.0	0.0	0.0	0.0	0.0	0.0	0.0	0.0	0.0	0.0	0.0	0.0	0.0	0.0	0.0	0.0	0.0	0.0	0.0	0.0	0.0	0.0	0.0	0.0	0.0	0.0	0.0	0.0	0.0	0.0	0.0	0.0	0.0	0.0	0.0	0.0	0.0020364601696619706	0.0	0.0	0.0	0.0	0.0	0.0	0.0	0.0	0.0	0.0	0.0	0.0	0.0	0.0	0.0	0.0	0.0	0.0	0.0	0.0
EarlyCohort	T[C>T]C	0.0006906487410074298	0.0	0.0	0.0	0.4063440129216733	0.0	0.0	0.0	0.0	0.0	0.0	0.0	0.0	0.4390077890306586	0.0	0.0	0.0	0.0	0.0	0.0	0.15240614194726643	0.0	0.0	0.0	0.0	0.0	0.0	0.0	0.0	0.0	0.0	0.0	0.0	0.0	0.0	0.0	0.0	0.0	0.0	0.0	0.0	0.0	0.0	0.0	0.0	0.0	0.0	0.0	0.0	0.0	0.0	0.0	0.0	0.0	0.0	0.0	0.0	0.0	0.0	0.0	0.0	0.0	0.0	0.0	0.0	0.0015514073593943484	0.0	0.0	0.0	0.0	0.0	0.0	0.0	0.0	0.0	0.0	0.0	0.0	0.0	0.0	0.0	0.0	0.0	0.0	0.0	0.0
EarlyCohort	T[C>T]G	0.30805352339008135	0.0	0.0	0.0	0.04247869173833847	0.0	0.0	0.0	0.0	0.0	0.0	0.0	0.0	0.5981634850478208	0.0	0.0	0.0	0.0	0.0	0.0	0.05110794723838622	0.0	0.0	0.0	0.0	0.0	0.0	0.0	0.0	0.0	0.0	0.0	0.0	0.0	0.0	0.0	0.0	0.0	0.0	0.0	0.0	0.0	0.0	0.0	0.0	0.0	0.0	0.0	0.0	0.0	0.0	0.0	0.0	0.0	0.0	0.0	0.0	0.0	0.0	0.0	0.0	0.0	0.0	0.0	0.0	0.00019635258537321836	0.0	0.0	0.0	0.0	0.0	0.0	0.0	0.0	0.0	0.0	0.0	0.0	0.0	0.0	0.0	0.0	0.0	0.0	0.0	0.0
EarlyCohort	T[C>T]T	2.6501433287592704e-15	0.0	0.0	0.0	0.23812304789395408	0.0	0.0	0.0	0.0	0.0	0.0	0.0	0.0	0.7436294244652294	0.0	0.0	0.0	0.0	0.0	0.0	0.01780368878136582	0.0	0.0	0.0	0.0	0.0	0.0	0.0	0.0	0.0	0.0	0.0	0.0	0.0	0.0	0.0	0.0	0.0	0.0	0.0	0.0	0.0	0.0	0.0	0.0	0.0	0.0	0.0	0.0	0.0	0.0	0.0	0.0	0.0	0.0	0.0	0.0	0.0	0.0	0.0	0.0	0.0	0.0	0.0	0.0	0.0004438388594481428	0.0	0.0	0.0	0.0	0.0	0.0	0.0	0.0	0.0	0.0	0.0	0.0	0.0	0.0	0.0	0.0	0.0	0.0	0.0	0.0
EarlyCohort	T[T>A]A	0.3452819313449005	0.0	0.0	0.0	0.3092960674137815	0.0	0.0	0.0	0.0	0.0	0.0	0.0	0.0	0.07684770964732876	0.0	0.0	0.0	0.0	0.0	0.0	0.04821141763709664	0.0	0.0	0.0	0.0	0.0	0.0	0.0	0.0	0.0	0.0	0.0	0.0	0.0	0.0	0.0	0.0	0.0	0.0	0.0	0.0	0.0	0.0	0.0	0.0	0.0	0.0	0.0	0.0	0.0	0.0	0.0	0.0	0.0	0.0	0.0	0.0	0.0	0.0	0.0	0.0	0.0	0.0	0.0	0.0	0.22036287395689252	0.0	0.0	0.0	0.0	0.0	0.0	0.0	0.0	0.0	0.0	0.0	0.0	0.0	0.0	0.0	0.0	0.0	0.0	0.0	0.0
EarlyCohort	T[T>A]C	4.668177983557935e-14	0.0	0.0	0.0	0.826914298924339	0.0	0.0	0.0	0.0	0.0	0.0	0.0	0.0	0.06805287762835062	0.0	0.0	0.0	0.0	0.0	0.0	0.028296934758673398	0.0	0.0	0.0	0.0	0.0	0.0	0.0	0.0	0.0	0.0	0.0	0.0	0.0	0.0	0.0	0.0	0.0	0.0	0.0	0.0	0.0	0.0	0.0	0.0	0.0	0.0	0.0	0.0	0.0	0.0	0.0	0.0	0.0	0.0	0.0	0.0	0.0	0.0	0.0	0.0	0.0	0.0	0.0	0.0	0.07673588868859013	0.0	0.0	0.0	0.0	0.0	0.0	0.0	0.0	0.0	0.0	0.0	0.0	0.0	0.0	0.0	0.0	0.0	0.0	0.0	0.0
EarlyCohort	T[T>A]G	0.0036566345197597524	0.0	0.0	0.0	0.5968657446615037	0.0	0.0	0.0	0.0	0.0	0.0	0.0	0.0	0.004507299408396512	0.0	0.0	0.0	0.0	0.0	0.0	0.016753525477006433	0.0	0.0	0.0	0.0	0.0	0.0	0.0	0.0	0.0	0.0	0.0	0.0	0.0	0.0	0.0	0.0	0.0	0.0	0.0	0.0	0.0	0.0	0.0	0.0	0.0	0.0	0.0	0.0	0.0	0.0	0.0	0.0	0.0	0.0	0.0	0.0	0.0	0.0	0.0	0.0	0.0	0.0	0.0	0.0	0.3782167959333336	0.0	0.0	0.0	0.0	0.0	0.0	0.0	0.0	0.0	0.0	0.0	0.0	0.0	0.0	0.0	0.0	0.0	0.0	0.0	0.0
EarlyCohort	T[T>A]T	0.18613639381997998	0.0	0.0	0.0	0.6905536740106102	0.0	0.0	0.0	0.0	0.0	0.0	0.0	0.0	0.06146070546057593	0.0	0.0	0.0	0.0	0.0	0.0	0.033826867743920755	0.0	0.0	0.0	0.0	0.0	0.0	0.0	0.0	0.0	0.0	0.0	0.0	0.0	0.0	0.0	0.0	0.0	0.0	0.0	0.0	0.0	0.0	0.0	0.0	0.0	0.0	0.0	0.0	0.0	0.0	0.0	0.0	0.0	0.0	0.0	0.0	0.0	0.0	0.0	0.0	0.0	0.0	0.0	0.0	0.02802235896491314	0.0	0.0	0.0	0.0	0.0	0.0	0.0	0.0	0.0	0.0	0.0	0.0	0.0	0.0	0.0	0.0	0.0	0.0	0.0	0.0
EarlyCohort	T[T>C]A	0.010216397461281636	0.0	0.0	0.0	0.6879725551018993	0.0	0.0	0.0	0.0	0.0	0.0	0.0	0.0	0.17349892724612934	0.0	0.0	0.0	0.0	0.0	0.0	0.11795142015405602	0.0	0.0	0.0	0.0	0.0	0.0	0.0	0.0	0.0	0.0	0.0	0.0	0.0	0.0	0.0	0.0	0.0	0.0	0.0	0.0	0.0	0.0	0.0	0.0	0.0	0.0	0.0	0.0	0.0	0.0	0.0	0.0	0.0	0.0	0.0	0.0	0.0	0.0	0.0	0.0	0.0	0.0	0.0	0.0	0.010360700036633693	0.0	0.0	0.0	0.0	0.0	0.0	0.0	0.0	0.0	0.0	0.0	0.0	0.0	0.0	0.0	0.0	0.0	0.0	0.0	0.0
EarlyCohort	T[T>C]C	0.18434063540814777	0.0	0.0	0.0	0.5037104789122683	0.0	0.0	0.0	0.0	0.0	0.0	0.0	0.0	0.002152867693379443	0.0	0.0	0.0	0.0	0.0	0.0	0.277116309550657	0.0	0.0	0.0	0.0	0.0	0.0	0.0	0.0	0.0	0.0	0.0	0.0	0.0	0.0	0.0	0.0	0.0	0.0	0.0	0.0	0.0	0.0	0.0	0.0	0.0	0.0	0.0	0.0	0.0	0.0	0.0	0.0	0.0	0.0	0.0	0.0	0.0	0.0	0.0	0.0	0.0	0.0	0.0	0.0	0.032679708435547496	0.0	0.0	0.0	0.0	0.0	0.0	0.0	0.0	0.0	0.0	0.0	0.0	0.0	0.0	0.0	0.0	0.0	0.0	0.0	0.0
EarlyCohort	T[T>C]G	0.028038669670069422	0.0	0.0	0.0	0.8165977874969733	0.0	0.0	0.0	0.0	0.0	0.0	0.0	0.0	0.022006228636815676	0.0	0.0	0.0	0.0	0.0	0.0	0.07658734504464376	0.0	0.0	0.0	0.0	0.0	0.0	0.0	0.0	0.0	0.0	0.0	0.0	0.0	0.0	0.0	0.0	0.0	0.0	0.0	0.0	0.0	0.0	0.0	0.0	0.0	0.0	0.0	0.0	0.0	0.0	0.0	0.0	0.0	0.0	0.0	0.0	0.0	0.0	0.0	0.0	0.0	0.0	0.0	0.0	0.056769969151497984	0.0	0.0	0.0	0.0	0.0	0.0	0.0	0.0	0.0	0.0	0.0	0.0	0.0	0.0	0.0	0.0	0.0	0.0	0.0	0.0
EarlyCohort	T[T>C]T	0.18597395641190523	0.0	0.0	0.0	0.7580126973797346	0.0	0.0	0.0	0.0	0.0	0.0	0.0	0.0	0.0005269252569857131	0.0	0.0	0.0	0.0	0.0	0.0	0.04991338204803345	0.0	0.0	0.0	0.0	0.0	0.0	0.0	0.0	0.0	0.0	0.0	0.0	0.0	0.0	0.0	0.0	0.0	0.0	0.0	0.0	0.0	0.0	0.0	0.0	0.0	0.0	0.0	0.0	0.0	0.0	0.0	0.0	0.0	0.0	0.0	0.0	0.0	0.0	0.0	0.0	0.0	0.0	0.0	0.0	0.005573038903340946	0.0	0.0	0.0	0.0	0.0	0.0	0.0	0.0	0.0	0.0	0.0	0.0	0.0	0.0	0.0	0.0	0.0	0.0	0.0	0.0
EarlyCohort	T[T>G]A	1.4855370211943496e-14	0.0	0.0	0.0	0.3317926315547561	0.0	0.0	0.0	0.0	0.0	0.0	0.0	0.0	0.36799267236709104	0.0	0.0	0.0	0.0	0.0	0.0	0.013249084402872273	0.0	0.0	0.0	0.0	0.0	0.0	0.0	0.0	0.0	0.0	0.0	0.0	0.0	0.0	0.0	0.0	0.0	0.0	0.0	0.0	0.0	0.0	0.0	0.0	0.0	0.0	0.0	0.0	0.0	0.0	0.0	0.0	0.0	0.0	0.0	0.0	0.0	0.0	0.0	0.0	0.0	0.0	0.0	0.0	0.28696561167526585	0.0	0.0	0.0	0.0	0.0	0.0	0.0	0.0	0.0	0.0	0.0	0.0	0.0	0.0	0.0	0.0	0.0	0.0	0.0	0.0
EarlyCohort	T[T>G]C	0.005936808342422118	0.0	0.0	0.0	0.6744082697205418	0.0	0.0	0.0	0.0	0.0	0.0	0.0	0.0	0.29233209102912916	0.0	0.0	0.0	0.0	0.0	0.0	0.027273757253364058	0.0	0.0	0.0	0.0	0.0	0.0	0.0	0.0	0.0	0.0	0.0	0.0	0.0	0.0	0.0	0.0	0.0	0.0	0.0	0.0	0.0	0.0	0.0	0.0	0.0	0.0	0.0	0.0	0.0	0.0	0.0	0.0	0.0	0.0	0.0	0.0	0.0	0.0	0.0	0.0	0.0	0.0	0.0	0.0	4.907365454287701e-05	0.0	0.0	0.0	0.0	0.0	0.0	0.0	0.0	0.0	0.0	0.0	0.0	0.0	0.0	0.0	0.0	0.0	0.0	0.0	0.0
EarlyCohort	T[T>G]G	0.06681151115978408	0.0	0.0	0.0	0.7587227513018086	0.0	0.0	0.0	0.0	0.0	0.0	0.0	0.0	0.15459560665728697	0.0	0.0	0.0	0.0	0.0	0.0	0.014600400972575669	0.0	0.0	0.0	0.0	0.0	0.0	0.0	0.0	0.0	0.0	0.0	0.0	0.0	0.0	0.0	0.0	0.0	0.0	0.0	0.0	0.0	0.0	0.0	0.0	0.0	0.0	0.0	0.0	0.0	0.0	0.0	0.0	0.0	0.0	0.0	0.0	0.0	0.0	0.0	0.0	0.0	0.0	0.0	0.0	0.005269729908544761	0.0	0.0	0.0	0.0	0.0	0.0	0.0	0.0	0.0	0.0	0.0	0.0	0.0	0.0	0.0	0.0	0.0	0.0	0.0	0.0
EarlyCohort	T[T>G]T	2.946574897331924e-15	0.0	0.0	0.0	0.17020175736934814	0.0	0.0	0.0	0.0	0.0	0.0	0.0	0.0	0.5871628929131609	0.0	0.0	0.0	0.0	0.0	0.0	0.06814526511203314	0.0	0.0	0.0	0.0	0.0	0.0	0.0	0.0	0.0	0.0	0.0	0.0	0.0	0.0	0.0	0.0	0.0	0.0	0.0	0.0	0.0	0.0	0.0	0.0	0.0	0.0	0.0	0.0	0.0	0.0	0.0	0.0	0.0	0.0	0.0	0.0	0.0	0.0	0.0	0.0	0.0	0.0	0.0	0.0	0.1744900846054549	0.0	0.0	0.0	0.0	0.0	0.0	0.0	0.0	0.0	0.0	0.0	0.0	0.0	0.0	0.0	0.0	0.0	0.0	0.0	0.0
